Name,sales_in_dollars,market_value_in_dollars,Difference
"Rakuten Bank",948000000000,3300000000,944700000000
"Kyoto Financial Group",918000000000,1200000000,916800000000
Segro,931000000000,15900000000,915100000000
Samsara,937000000000,22500000000,914500000000
"77 Bank",905000000000,2300000000,902700000000
"North Pacific Bank",884000000000,1400000000,882600000000
"Juroku  Financial Group",870000000000,1100000000,868900000000
"Jiangxi Zhengbang Technology",857000000000,3700000000,853300000000
"SBI Sumishin Net Bank",819000000000,2600000000,816400000000
BEKB-BCBE,818000000000,2600000000,815400000000
"Shiga Bank",805000000000,1200000000,803800000000
"Hyakugo Bank",799000000000,1000000000,798000000000
CTP,786000000000,8200000000,777800000000
"San-In Godo Bank",777000000000,1400000000,775600000000
DLF,776000000000,25200000000,750800000000
"3i Group",707000000000,36200000000,670800000000
"Wisetech Global",623000000000,21700000000,601300000000
Amazon,590700000000,1000000000,589700000000
"Saudi Arabian Oil Company (Saudi Aramco)",489100000000,1000000000,488100000000
MicroStrategy,490000000000,28100000000,461900000000
Apple,381600000000,2000000000,379600000000
Alphabet,317900000000,2000000000,315900000000
Sinopec,414900000000,106800000000,308100000000
"CVS Health",361300000000,72400000000,288900000000
"China State Construction Engineering",317400000000,33300000000,284100000000
"Volkswagen Group",348600000000,65600000000,283000000000
McKesson,309000000000,73400000000,235600000000
Microsoft,236600000000,3000000000,233600000000
Cencora,276500000000,44300000000,232200000000
PetroChina,399100000000,177600000000,221500000000
"Jio Financial Services",224000000000,27200000000,196800000000
"Cardinal Health",220600000000,24100000000,196500000000
"Bajaj Holdings & Investment",207000000000,11000000000,196000000000
"Sichuan Chuantou Energy",201000000000,11300000000,189700000000
"China Railway Group",178200000000,14500000000,163700000000
"Power Assets Holdings",165000000000,12800000000,152200000000
"China Railway Construction",158200000000,10200000000,148000000000
"Meta Platforms",142700000000,1000000000,141700000000
"Fannie Mae",143300000000,1800000000,141500000000
"Glencore International",218000000000,76900000000,141100000000
Stellantis,204900000000,65000000000,139900000000
Walmart,657300000000,521100000000,136200000000
"Walgreens Boots Alliance",144600000000,15700000000,128900000000
"Ford Motor",177500000000,49000000000,128500000000
"General Motors",174900000000,52200000000,122700000000
"Hon Hai Precision ",191700000000,73100000000,118600000000
"Roivant Sciences",123000000000,9100000000,113900000000
Centene,155500000000,41700000000,113800000000
Kroger,150000000000,39100000000,110900000000
Cigna,204100000000,96200000000,107900000000
"BMW Group",168300000000,65800000000,102500000000
BP,202800000000,104400000000,98400000000
JD.com,153700000000,55700000000,98000000000
"Xiamen C&D",101200000000,4500000000,96700000000
"China Communications Construction",106600000000,10100000000,96500000000
SK,99600000000,6300000000,93300000000
"Honda Motor",141300000000,53700000000,87600000000
"Mercedes-Benz Group",164300000000,77100000000,87200000000
"Phillips 66",148900000000,62400000000,86500000000
"Valero Energy",140100000000,54300000000,85800000000
"Metallurgical Corp of China",89100000000,4700000000,84400000000
"Marathon Petroleum",146500000000,63300000000,83200000000
"ENEOS Holdings",95800000000,14400000000,81400000000
"SAIC Motor",102800000000,23100000000,79700000000
Carrefour,91800000000,12100000000,79700000000
"Hyundai Motor",125400000000,47300000000,78100000000
"Wuchan Zhongda Group",81500000000,3500000000,78000000000
"Sinopharm Group",84300000000,8800000000,75500000000
"ORLEN Spolka Akcyjna",85400000000,10500000000,74900000000
"Nissan Motor",87700000000,12900000000,74800000000
"Power Construction Corporation of China",85600000000,12700000000,72900000000
"StoneX Group",73400000000,2400000000,71000000000
"BNP Paribas",157600000000,88900000000,68700000000
Albertsons,79200000000,11900000000,67300000000
"Royal Ahold Delhaize N.V.",96200000000,29800000000,66400000000
Humana,109200000000,42900000000,66300000000
"Indian Oil",93800000000,27800000000,66000000000
"Jiangxi Copper",73500000000,7900000000,65600000000
CITIC,96100000000,31900000000,64200000000
"SociÃ©tÃ© GÃ©nÃ©rale",84600000000,20900000000,63700000000
"PTT ",90000000000,26600000000,63400000000
JBS,74200000000,12700000000,61500000000
"Shell Plc",289700000000,228500000000,61200000000
"Archer Daniels Midland",91700000000,30500000000,61200000000
Santander,142800000000,82100000000,60700000000
"Legend Holding",61500000000,1900000000,59600000000
"Xiamen International Trade Group",61500000000,2400000000,59100000000
NVIDIA,60900000000,2000000000,58900000000
"Korea Electric Power",68100000000,9400000000,58700000000
"Xiamen Xiangyu",60500000000,2200000000,58300000000
Tesco,85300000000,27600000000,57700000000
"Credit Agricole",105500000000,48300000000,57200000000
"China Vanke",65100000000,10400000000,54700000000
"Japan Post Holdings",81500000000,27600000000,53900000000
E.ON,89800000000,36100000000,53700000000
"China Energy Engineering",57700000000,4900000000,52800000000
"Wilmar International",67200000000,14700000000,52500000000
"Idemitsu Kosan",60300000000,8900000000,51400000000
"LG Electronics",64300000000,13000000000,51300000000
"SK Innovation ",58300000000,7700000000,50600000000
"Toyota Tsusho",70500000000,21700000000,48800000000
Aeon,66700000000,18200000000,48500000000
"KoÃ§ Holding",67400000000,19300000000,48100000000
"ENGIE ",89300000000,41500000000,47800000000
PICC,77300000000,30300000000,47000000000
ArcelorMittal,68300000000,21600000000,46700000000
Eni,97000000000,50400000000,46600000000
Bouygues,61100000000,14500000000,46600000000
"Performance Food Group",58000000000,11500000000,46500000000
Mitsubishi,135300000000,88900000000,46400000000
"Seven & I Holdings",80100000000,33900000000,46200000000
"TD SYNNEX",56400000000,11000000000,45400000000
KIA,77500000000,32600000000,44900000000
"World Fuel Services",46200000000,1500000000,44700000000
"HD HYUNDAI",48100000000,3600000000,44500000000
"Elevance Health",171700000000,127300000000,44400000000
"Repsol ",63700000000,19700000000,44000000000
"American Airlines Group",53200000000,9700000000,43500000000
"Dai-ichi Life Insurance",66100000000,23100000000,43000000000
Bunge,57600000000,14600000000,43000000000
"Nippon Steel ",61300000000,19400000000,41900000000
Citigroup,163900000000,122200000000,41700000000
TotalEnergies,212600000000,171200000000,41400000000
"Greenland Holdings Group",45500000000,4200000000,41300000000
Renault,56600000000,15900000000,40700000000
"Shanghai Construction ",43500000000,3000000000,40500000000
Sysco,78000000000,37800000000,40200000000
"Lenovo Group",55700000000,16300000000,39400000000
Panasonic,58800000000,19900000000,38900000000
Raizen,44400000000,6000000000,38400000000
"Tokyo Electric Power",47800000000,9800000000,38000000000
"Bharat Petroleum",54100000000,16400000000,37700000000
Hanwha,38800000000,1500000000,37300000000
"Toyota Motor",311900000000,274900000000,37000000000
"Legal & General Group",55900000000,19000000000,36900000000
"United Airlines Holdings",54800000000,18100000000,36700000000
"Deutsche Post",87900000000,51300000000,36600000000
"Rajesh Exports",36900000000,1100000000,35800000000
"Oil & Natural Gas",77500000000,41900000000,35600000000
"ThyssenKrupp Group",38700000000,3400000000,35300000000
Posco,57400000000,22300000000,35100000000
Allianz,148200000000,113800000000,34400000000
"Deutsche Bank",68000000000,33600000000,34400000000
Talanx,54000000000,20100000000,33900000000
Target,107400000000,74100000000,33300000000
"Banco Bradesco",61200000000,27900000000,33300000000
"Generali Group",74700000000,42000000000,32700000000
"Olam Group",35900000000,3300000000,32600000000
"J Sainsbury",40900000000,8400000000,32500000000
"Ogaki Kyoritsu Bank",601000000000,569000000000,32000000000
"Tyson Foods",52900000000,21000000000,31900000000
"PBF Energy",37700000000,6100000000,31600000000
"Banco do Brasil",62100000000,30900000000,31200000000
"Metro Group",33100000000,2000000000,31100000000
"Shanghai Pharmaceuticals",36800000000,5900000000,30900000000
Continental,44300000000,13600000000,30700000000
"Ping An Insurance Group",136100000000,105500000000,30600000000
"Deutsche Lufthansa",38800000000,8700000000,30100000000
"Air France-KLM",32900000000,3000000000,29900000000
Itochu,97000000000,67200000000,29800000000
"Poly Developments & Holdings Group",48200000000,18500000000,29700000000
"Magna International",43100000000,13600000000,29500000000
"China Resources Pharmaceutical Group",34500000000,5000000000,29500000000
"Hyundai Mobis",44300000000,15100000000,29200000000
Pegatron,37800000000,8600000000,29200000000
"Brookfield Corporation",101900000000,73000000000,28900000000
"Rongsheng Petrochemical",43300000000,14600000000,28700000000
"CJ Corporation",31800000000,3500000000,28300000000
"Volvo Car",37500000000,9300000000,28200000000
"Vibra Energia",33100000000,5000000000,28100000000
"Korea Gas",29900000000,1800000000,28100000000
"China Unicom",52700000000,24800000000,27900000000
"AXA Group",109400000000,81600000000,27800000000
"Bank of China",173300000000,145700000000,27600000000
"Best Buy",43500000000,15900000000,27600000000
"Baoshan Iron & Steel",48500000000,21200000000,27300000000
"ACS Actividades de Construccion y Servicios",38600000000,11300000000,27300000000
Mapfre,34900000000,7800000000,27100000000
"Mazda Motor",33400000000,6400000000,27000000000
"China Minsheng Bank",43900000000,17200000000,26700000000
"Phoenix Group Holdings",33200000000,6500000000,26700000000
"JFE Holdings",35800000000,9400000000,26400000000
"Daimler Truck Holding",60700000000,34400000000,26300000000
Aviva,43200000000,16900000000,26300000000
"George Weston",45000000000,18800000000,26200000000
Forvia,29500000000,3400000000,26100000000
"China National Building",29800000000,3900000000,25900000000
AntarChile,29600000000,3900000000,25700000000
"BAIC Motor",28000000000,2400000000,25600000000
"Huaneng Power International",35700000000,10300000000,25400000000
"Veolia Environnement",49000000000,23800000000,25200000000
"Lithia Motors",32600000000,7400000000,25200000000
"Marfrig Global Foods",27200000000,2100000000,25100000000
"Delta Air Lines",59000000000,34000000000,25000000000
"Compal Electronics",29800000000,5000000000,24800000000
BASF,72100000000,47500000000,24600000000
"Jardine Matheson",36000000000,11400000000,24600000000
"Life Insurance Corp. of India",98000000000,73600000000,24400000000
"Aisin Seiki",34000000000,9700000000,24300000000
"Arrow Electronics",31300000000,7000000000,24300000000
FedEx,87500000000,63300000000,24200000000
Centrica,32900000000,9700000000,23200000000
MÃ¸ller-Maersk,49200000000,26300000000,22900000000
"OMV Group",39800000000,16900000000,22900000000
"Mitsubishi Chemical",30300000000,7500000000,22800000000
"Agricultural Bank of China",193500000000,170900000000,22600000000
HP,53100000000,30500000000,22600000000
"Fosun International",28000000000,5400000000,22600000000
Ceconomy,24100000000,1500000000,22600000000
"US Foods",36000000000,13600000000,22400000000
"Postal Savings Bank Of China (PSBC)",80300000000,58100000000,22200000000
"EnBW Energie Baden-Wurttemberg",41900000000,19700000000,22200000000
Paramount,30100000000,8000000000,22100000000
"Shaanxi Construction Engineering Group",24000000000,2100000000,21900000000
"Hyundai Engineering",24400000000,2800000000,21600000000
"Medipal Holdings",24600000000,3000000000,21600000000
S-Oil,27200000000,5900000000,21300000000
"E-mart ",22400000000,1300000000,21100000000
Enel,96000000000,75100000000,20900000000
"Warner Bros. Discovery",40600000000,19700000000,20900000000
"China Everbright Bank",40500000000,19700000000,20800000000
"International Airlines",31800000000,11100000000,20700000000
"Jeronimo Martins",34600000000,14000000000,20600000000
"Bayer ",51000000000,30500000000,20500000000
"Zhongsheng Group Holdings",25300000000,4900000000,20400000000
Valeo,23800000000,3400000000,20400000000
"St. James's Place",23600000000,3300000000,20300000000
"HF Sinclair",31400000000,11200000000,20200000000
"Ultrapar Participacoes",25500000000,5300000000,20200000000
"Sunac China Holdings",22100000000,2000000000,20100000000
AutoNation,27000000000,6900000000,20100000000
Equinor,102800000000,82900000000,19900000000
"Aluminum Corp of China",31900000000,12000000000,19900000000
TUI,23500000000,3600000000,19900000000
Avnet,24700000000,4800000000,19900000000
"MOL Hungarian Oil",25300000000,5500000000,19800000000
"Bank of Communications",78800000000,59200000000,19600000000
"China Citic Bank",54100000000,34700000000,19400000000
"China Pacific Insurance",46600000000,27200000000,19400000000
"Ampol ",24900000000,5600000000,19300000000
TelefÃ³nica,44200000000,25000000000,19200000000
"Penske Automotive",29600000000,10400000000,19200000000
"China Telecom",71400000000,52300000000,19100000000
"Daiwa House Industry",36000000000,16900000000,19100000000
"Adecco Group",25800000000,6700000000,19100000000
"China National Chemical",25200000000,6600000000,18600000000
"Sumitomo Electric",30400000000,11900000000,18500000000
"PGE Polska Grupa Energetyczna",22800000000,4300000000,18500000000
Wistron,28500000000,10000000000,18500000000
Macy's,23900000000,5400000000,18500000000
"Jabil Circuit",32100000000,13900000000,18200000000
"CJ Cheiljedang",22100000000,3900000000,18200000000
Parkland,23200000000,5100000000,18100000000
"WPG Holdings",22600000000,4600000000,18000000000
Marubeni,50100000000,32200000000,17900000000
Woolworths,43600000000,25800000000,17800000000
"China Communications Services",21000000000,3400000000,17600000000
"Hunan Valin Steel",22500000000,5000000000,17500000000
DCC,24900000000,7400000000,17500000000
"Alfresa Holdings",19800000000,2500000000,17300000000
"Randstad N.V.",26900000000,9800000000,17100000000
"LG Chem",40000000000,23000000000,17000000000
"China Grand Automotive Services",18700000000,1700000000,17000000000
"WT Microelectronics",21200000000,4200000000,17000000000
"Subaru Corporation",32500000000,15600000000,16900000000
"WH Group ",26200000000,9300000000,16900000000
"Yunnan Copper Co. Ltd.",20600000000,4000000000,16600000000
"Shanghai Pudong Development",49700000000,33200000000,16500000000
Orange,47700000000,31200000000,16500000000
"Hengli Petrochemical",31800000000,15300000000,16500000000
"Sabanci Holding",23100000000,6600000000,16500000000
Empire,22800000000,6300000000,16500000000
"Rite Aid",23500000000,7000000000,16500000000
"Jointown Pharmaceutical Group",20700000000,4300000000,16400000000
"GS Holdings",19300000000,3100000000,16200000000
"Hyundai Steel",19300000000,3100000000,16200000000
Lear,23600000000,7400000000,16200000000
Goodyear,19700000000,3700000000,16000000000
Flex,28100000000,12300000000,15800000000
Echostar,20600000000,4800000000,15800000000
"Hengyi Petrochemical ",19400000000,3600000000,15800000000
"Greentown China Holdings",18600000000,3000000000,15600000000
Sumitomo,47800000000,32300000000,15500000000
"Chubu Electric Power",25000000000,9500000000,15500000000
"Molina Healthcare",35900000000,20400000000,15500000000
Scor,21400000000,5900000000,15500000000
"Prudential Financial",58900000000,43500000000,15400000000
"Tohoku Electric Power",19500000000,4100000000,15400000000
Mitsui,92100000000,76800000000,15300000000
"Charter Communications",54600000000,39300000000,15300000000
"China Southern Airlines",22500000000,7300000000,15200000000
"Seazen Group",16800000000,1600000000,15200000000
"Mitsubishi Motors",19300000000,4200000000,15100000000
Hanwa,16800000000,1700000000,15100000000
"Suzuki Motor",37200000000,22200000000,15000000000
CarMax,26500000000,11500000000,15000000000
"LS Corp",18400000000,3400000000,15000000000
Manpower,18600000000,3700000000,14900000000
MetLife,67600000000,52800000000,14800000000
"Standard Chartered",40100000000,25300000000,14800000000
"Cosmo Energy Holdings",18900000000,4100000000,14800000000
"Samsung C&T",32200000000,17500000000,14700000000
"MS&AD Insurance",43000000000,28400000000,14600000000
"Couche Tard",68000000000,53400000000,14600000000
STRABAG,19100000000,4500000000,14600000000
Umicore,19700000000,5100000000,14600000000
Kohl's,17500000000,2900000000,14600000000
"Sumec Corporation",16100000000,1500000000,14600000000
"CK Hutchison",35200000000,20700000000,14500000000
"Hyundai Glovis",19700000000,5300000000,14400000000
"Delek US Holdings",16200000000,1800000000,14400000000
CRRC,32400000000,18100000000,14300000000
"China Merchants Shekou Industrial Zone Holdings",28600000000,14300000000,14300000000
Whirlpool,19300000000,5000000000,14300000000
"KB Financial Group",36800000000,22600000000,14200000000
Aurubis,17900000000,3700000000,14200000000
"Viva Energy Group",17800000000,3600000000,14200000000
"Digital China Group",17000000000,2800000000,14200000000
Suzuken,16500000000,2300000000,14200000000
"Ningbo Jintian Copper (Group)",15500000000,1300000000,14200000000
"Swiss Re ",49400000000,35300000000,14100000000
"Iveco Group",17500000000,3400000000,14100000000
"Kansai Electric Power",28100000000,14100000000,14000000000
"Isuzu Motors",23400000000,9400000000,14000000000
"China International Marine",18600000000,4600000000,14000000000
Cencosud,19700000000,5700000000,14000000000
Allstate,58600000000,44700000000,13900000000
"Group 1 Automotive",18200000000,4300000000,13900000000
Aegon,25800000000,12000000000,13800000000
"Guangzhou Automobile Group",18300000000,4600000000,13700000000
Cleveland-Cliffs,21900000000,8300000000,13600000000
Eiffage,24200000000,10700000000,13500000000
Voestalpine,18400000000,4900000000,13500000000
HBIS,16700000000,3200000000,13500000000
"Sumitomo Chemical",16900000000,3400000000,13500000000
"Angang Steel",15200000000,1800000000,13400000000
Vodafone,39800000000,26500000000,13300000000
"KT ",20100000000,6800000000,13300000000
"Coles Group",27900000000,14600000000,13300000000
"Datang International Power",17100000000,3800000000,13300000000
"PTT Global Chemical",17900000000,4700000000,13200000000
"Siemens Energy",34600000000,21500000000,13100000000
"China Taiping Insurance",17400000000,4300000000,13100000000
"Grupo Galicia",19500000000,6500000000,13000000000
"Ag Anadolu Grubu Holding Anonim Sirketi",15800000000,2800000000,13000000000
"LG Display",16800000000,3800000000,13000000000
Schaeffler,17600000000,4600000000,13000000000
"Johnson Matthey",17300000000,4300000000,13000000000
"WESCO International",22200000000,9400000000,12800000000
"Lumen Technologies",14100000000,1300000000,12800000000
ALFA,16400000000,3600000000,12800000000
"Kobe Steel",17600000000,4900000000,12700000000
Sharp,16100000000,3400000000,12700000000
"Weichai Power",30100000000,17500000000,12600000000
Adient,15200000000,2600000000,12600000000
"China Coal Energy",27300000000,14800000000,12500000000
Fresenius,29600000000,17100000000,12500000000
BBMG,13500000000,1000000000,12500000000
Doosan,14600000000,2100000000,12500000000
"Power Corp of Canada",31400000000,19000000000,12400000000
"Longfor Group Holdings",25400000000,13000000000,12400000000
"Shanghai Electric Group",15800000000,3400000000,12400000000
"Beijing Shougang",15900000000,3500000000,12400000000
"China Construction Bank",199800000000,187500000000,12300000000
"GD Power Development",25000000000,12800000000,12200000000
"TCL ",24300000000,12100000000,12200000000
"ENN Natural Gas",20000000000,7800000000,12200000000
"New Hope Liuhe",18300000000,6100000000,12200000000
"Murphy USA",21300000000,9200000000,12100000000
"Geely Automobile Holdings",25200000000,13200000000,12000000000
Halkbank,15800000000,3900000000,11900000000
"Telecom Italia",17600000000,5700000000,11900000000
"China Nuclear Engineering Corporation",15200000000,3300000000,11900000000
Rexel,20700000000,8900000000,11800000000
"BBVA-Banco Bilbao Vizcaya",75200000000,63500000000,11700000000
Sompo,31700000000,20000000000,11700000000
"Lincoln National",16800000000,5100000000,11700000000
"Tongling Nonferrous Metals",18900000000,7200000000,11700000000
"New China Life Insurance",18900000000,7300000000,11600000000
"Air Canada",16400000000,4800000000,11600000000
"Charoen Pokphand Group",16500000000,4900000000,11600000000
"NIPPON EXPRESS HOLDINGS",15800000000,4200000000,11600000000
Alstom,19100000000,7600000000,11500000000
"Lotte Chemical",15200000000,3700000000,11500000000
"Jones Lang LaSalle",21200000000,9800000000,11400000000
"Indorama Ventures",15300000000,3900000000,11400000000
"LG Innotek Co.,",15600000000,4200000000,11400000000
Nomura,28800000000,17500000000,11300000000
"NRG Energy",28500000000,17200000000,11300000000
"CP All",25900000000,14600000000,11300000000
"Hellenic Petroleum",14100000000,2800000000,11300000000
Ricoh,16200000000,4900000000,11300000000
"S.F. Holding",36600000000,25400000000,11200000000
"Woori Financial Group",19100000000,8000000000,11100000000
Acciona,18400000000,7300000000,11100000000
"Motor Oil",14400000000,3300000000,11100000000
"Anhui Construction Engineering Group",12300000000,1200000000,11100000000
"Metalurgica Gerdau",13400000000,2300000000,11100000000
"Zhejiang Construction Investment Group",12500000000,1400000000,11100000000
"China Reinsurance Group",14400000000,3400000000,11000000000
Braskem,14000000000,3000000000,11000000000
"Fairfax Financial",37900000000,27000000000,10900000000
"Dongfeng Motor Group",14000000000,3100000000,10900000000
Sodexo,24500000000,13700000000,10800000000
"T&D Holdings",19300000000,8600000000,10700000000
"Jiangsu Eastern Shenghong",19700000000,9000000000,10700000000
Sojitz,16700000000,6000000000,10700000000
Inventec,16700000000,6000000000,10700000000
"China Eastern Airlines",16000000000,5500000000,10500000000
"Asbury Automotive Group",15400000000,4900000000,10500000000
"Thai Oil",13400000000,2900000000,10500000000
"Nippon Telegraph & Tel",92500000000,82100000000,10400000000
"Sinotrans Ltd.",14400000000,4000000000,10400000000
"Huadian Power International",16300000000,6000000000,10300000000
"Korea Shipbuilding & Offshore Engineering",17300000000,7000000000,10300000000
Lotte,11700000000,1400000000,10300000000
Sasol,14900000000,4700000000,10200000000
"Shinhan Financial Group",28600000000,18500000000,10100000000
Kajima,18400000000,8300000000,10100000000
"Hubei Biocause Pharmaceutical",11800000000,1700000000,10100000000
"Huaxia Bank",25300000000,15300000000,10000000000
"Southwest Airlines",26700000000,16700000000,10000000000
"Asahi Kasei",19300000000,9300000000,10000000000
Kingfisher,16200000000,6200000000,10000000000
"China Zheshang Bank",18200000000,8300000000,9900000000
"Raiffeisen Bank International",16200000000,6300000000,9900000000
Ternium,18500000000,8600000000,9900000000
Shimizu,13900000000,4000000000,9900000000
"CNH Industrial",24200000000,14400000000,9800000000
"Kyushu Electric Power",14800000000,5000000000,9800000000
VakifBank,16300000000,6600000000,9700000000
"Tokyo Gas",18400000000,8700000000,9700000000
"US Steel",17800000000,8100000000,9700000000
"Kyndryl Holdings",16100000000,6400000000,9700000000
Gemdale,12500000000,2900000000,9600000000
"Lotte Shopping",11000000000,1400000000,9600000000
Aramark,18300000000,8800000000,9500000000
"Midea Real Estate Holding",10500000000,1000000000,9500000000
Heineken,32800000000,23400000000,9400000000
"BJ's Wholesale Club",20000000000,10600000000,9400000000
"Trina Solar",15300000000,6000000000,9300000000
"Hyundai Marine & Fire",11100000000,1900000000,9200000000
"Old Mutual",11900000000,2700000000,9200000000
"Tata Motors",52900000000,43800000000,9100000000
"Chugoku Electric Power",11300000000,2400000000,8900000000
"Toray Industries",17000000000,8100000000,8900000000
Fluor,15500000000,6600000000,8900000000
"BT Group",25400000000,16600000000,8800000000
"Great Wall Motor ",25100000000,16400000000,8700000000
ICBC,223800000000,215200000000,8600000000
"China Jinmao",10200000000,1600000000,8600000000
"Guangdong Construction Engineering Group",10900000000,2300000000,8600000000
Neste,24300000000,15800000000,8500000000
"First Pacific",10500000000,2000000000,8500000000
"Tenet Healthcare",20900000000,12500000000,8400000000
"Hindalco Industries",26100000000,17700000000,8400000000
"Grupo Aval",11300000000,2900000000,8400000000
Skanska,15800000000,7500000000,8300000000
"Hana Financial Group",21500000000,13300000000,8200000000
"Altice USA",9200000000,1000000000,8200000000
"Marks & Spencer",15400000000,7200000000,8200000000
Hera,13600000000,5400000000,8200000000
"NN Group",21600000000,13500000000,8100000000
"Industrial Bank ",58900000000,50900000000,8000000000
"Yuexiu Property ",11300000000,3300000000,8000000000
Avolta,14200000000,6200000000,8000000000
SÃ¼dzucker,11100000000,3100000000,8000000000
"Grupo Comercial Chedraui SAB de CV Class B",15200000000,7200000000,8000000000
"Vipshop Holdings",15900000000,8000000000,7900000000
"AviChina Industry & Technology",11900000000,4000000000,7900000000
"Avis Budget Group",12000000000,4200000000,7800000000
"Compagnie de l'Odet",14800000000,7000000000,7800000000
Obayashi,16100000000,8300000000,7800000000
"LyondellBasell Industries",40600000000,32900000000,7700000000
"Sime Darby",11900000000,4200000000,7700000000
"Yamaha Motor",16900000000,9300000000,7600000000
M&G,13800000000,6200000000,7600000000
"C.H. Robinson",17400000000,9800000000,7600000000
"Brookfield Business",9700000000,2100000000,7600000000
"Shanghai Tunnel Engineering Co. Ltd.",10700000000,3100000000,7600000000
"Dollar General",38700000000,31200000000,7500000000
"Db Insurance",12300000000,4800000000,7500000000
"RiseSun Real Estate Development",8700000000,1200000000,7500000000
Saint-Gobain,51800000000,44400000000,7400000000
Ecopetrol,32300000000,24900000000,7400000000
"Turkish Airlines",21200000000,13800000000,7400000000
"Industrial Bank of Korea",15600000000,8200000000,7400000000
"Qantas Airways",13700000000,6400000000,7300000000
"Adris grupa d.d. Pref.",8300000000,1000000000,7300000000
"China Bohai Bank",9700000000,2500000000,7200000000
"Sekisui House",21900000000,14800000000,7100000000
"Jinke Property Group",8300000000,1200000000,7100000000
"Grupo Bolivar",8400000000,1400000000,7000000000
"Unipol Gruppo",14100000000,7200000000,6900000000
WPP,18500000000,11600000000,6900000000
A2A,13800000000,6900000000,6900000000
"Drax Group plc",9700000000,2800000000,6900000000
"Yara International",14600000000,7700000000,6900000000
"Kawasaki Heavy Industries",12800000000,5900000000,6900000000
Petrobras,99400000000,92600000000,6800000000
"Korean Air",12700000000,5900000000,6800000000
Brenntag,17700000000,10900000000,6800000000
BorgWarner,15300000000,8500000000,6800000000
Gap,14900000000,8100000000,6800000000
"Reinsurance Group of America",20700000000,14000000000,6700000000
Quinenco,12400000000,5800000000,6600000000
"YPF ",18000000000,11500000000,6500000000
AGC,14000000000,7500000000,6500000000
"Bausch Health Companies",9000000000,2500000000,6500000000
ZTE,17400000000,11100000000,6300000000
"Sunshine Insurance Group",11000000000,4700000000,6300000000
"Canadian Tire Corporation",12200000000,5900000000,6300000000
"Jinko Solar",16500000000,10300000000,6200000000
"Zhongyuan Bank",7900000000,1700000000,6200000000
"Migdal Insurance",7500000000,1300000000,6200000000
Isbank,17600000000,11500000000,6100000000
"Galp Energia",22300000000,16200000000,6100000000
"Evonik Industries",16300000000,10200000000,6100000000
"New World Development",9300000000,3200000000,6100000000
"KION Group",12500000000,6400000000,6100000000
"Beijing Enterprises",10500000000,4500000000,6000000000
Solvay,9900000000,3900000000,6000000000
"Huishang Bank",10200000000,4300000000,5900000000
"Tianshan Material",13800000000,7900000000,5900000000
"Zhuhai Huafa Properties",9000000000,3100000000,5900000000
Commerzbank,25700000000,19900000000,5800000000
WestRock,19500000000,13700000000,5800000000
Cemex,17500000000,11700000000,5800000000
AGCO,14000000000,8200000000,5800000000
"Siam Cement",14100000000,8300000000,5800000000
"Guangzhou Baiyunshan Pharmaceutical Holdings",10700000000,4900000000,5800000000
"CVR Energy",8800000000,3000000000,5800000000
"Samsung Life Insurance",17500000000,11800000000,5700000000
"Hangzhou Binjiang Real Estate Group Co., Ltd.",10100000000,4400000000,5700000000
"Electric Power Development",8700000000,3000000000,5700000000
"Sichuan Road & Bridge",14800000000,9200000000,5600000000
Taisei,12200000000,6600000000,5600000000
"Erste Group Bank",26100000000,20600000000,5500000000
"Norsk Hydro",18100000000,12600000000,5500000000
Uni-President,19400000000,14000000000,5400000000
"Gerdau (Cosigua)",13400000000,8000000000,5400000000
"China Mengniu Dairy",13900000000,8500000000,5400000000
Covestro,15300000000,9900000000,5400000000
"China Gas Holdings",10900000000,5500000000,5400000000
"Anhui Conch Cement",19900000000,14600000000,5300000000
"SK Telecom",13400000000,8100000000,5300000000
Falabella,13100000000,7800000000,5300000000
"Berry Global Group",12200000000,6900000000,5300000000
Kesko,12700000000,7400000000,5300000000
"China Resources Land",35200000000,30000000000,5200000000
NEC,24000000000,18800000000,5200000000
Colruyt,10800000000,5600000000,5200000000
"Bluescope Steel",11500000000,6300000000,5200000000
"Momentum Metropolitan Holdings",6800000000,1600000000,5200000000
"All Nippon Airways",14200000000,9100000000,5100000000
"Osaka Gas",14400000000,9300000000,5100000000
Storebrand,9700000000,4600000000,5100000000
SSAB,10800000000,5700000000,5100000000
"CP Axtra",14000000000,8900000000,5100000000
"Daito Trust Construction",12000000000,6900000000,5100000000
"Dollar Tree",30600000000,25600000000,5000000000
"ENN Energy Holdings",16100000000,11100000000,5000000000
"Sinotruk Hong Kong",12100000000,7100000000,5000000000
"Munich Re",70000000000,65100000000,4900000000
"Hewlett Packard Enterprise",28100000000,23200000000,4900000000
Ericsson,24000000000,19100000000,4900000000
"Cathay Pacific Airways",12100000000,7200000000,4900000000
"China Resources Gas Group",12900000000,8000000000,4900000000
"Open House",8400000000,3500000000,4900000000
"Poste Italiane",22200000000,17400000000,4800000000
"BIM Birlesik Magazalar",13800000000,9000000000,4800000000
"Harel Insurance Investments & Financial Services",6700000000,1900000000,4800000000
"Vienna Insurance Group",13400000000,8700000000,4700000000
"Sumitomo Forestry Co.,",12500000000,7800000000,4700000000
"Steel Authority of India",12900000000,8300000000,4600000000
"China Life Insurance",51600000000,47100000000,4500000000
"CBRE Group",32500000000,28000000000,4500000000
Akbank,14700000000,10200000000,4500000000
"Tokyo Century",9300000000,4800000000,4500000000
"Wuestenrot & Wuerttembergische",5800000000,1300000000,4500000000
"Canara Bank",16800000000,12400000000,4400000000
"China Hongqiao Group",18900000000,14500000000,4400000000
"International Paper",18500000000,14100000000,4400000000
"BNK Financial Group",6400000000,2000000000,4400000000
"Ford Otosan",17300000000,13100000000,4200000000
"DiDi Global",27200000000,23000000000,4200000000
"Helvetia Holding",11700000000,7500000000,4200000000
"Shenzhen Overseas",7600000000,3400000000,4200000000
"JA Solar Technology",10700000000,6500000000,4200000000
"ItaÃº Unibanco Holding",67800000000,63700000000,4100000000
"QBE Insurance Group",21700000000,17600000000,4100000000
"Grupo Bimbo",22800000000,18700000000,4100000000
"Absa Group",11100000000,7000000000,4100000000
"Guangdong Haid Group",16100000000,12000000000,4100000000
"Genworth Financial",7000000000,2900000000,4100000000
Saputo,12800000000,8700000000,4100000000
"Clal Insurance Enterprises ",5400000000,1300000000,4100000000
"Mizuho Financial",55100000000,51100000000,4000000000
"Ally Financial",16200000000,12200000000,4000000000
"Mitsubishi UFJ Lease",13500000000,9500000000,4000000000
"Public Power",8800000000,4800000000,4000000000
HeidelbergCement,22900000000,19000000000,3900000000
"China Cinda Asset Management",7900000000,4000000000,3900000000
Quilter,5800000000,1900000000,3900000000
"Phoenix Holdings",6400000000,2500000000,3900000000
Uniqa,6700000000,2800000000,3900000000
VINCI,75300000000,71500000000,3800000000
"CMOC Group",25700000000,21900000000,3800000000
"MGM Resorts",16700000000,12900000000,3800000000
Tongwei,17400000000,13600000000,3800000000
"Asustek Computer",15700000000,11900000000,3800000000
"Bank of Tianjin",5200000000,1400000000,3800000000
"Japan Airlines",11400000000,7600000000,3800000000
"Toppan Printing",11600000000,7800000000,3800000000
"Yunnan Yuntianhua",9200000000,5400000000,3800000000
"Brookfield Reinsurance",8200000000,4500000000,3700000000
"Caesars Entertainment",11400000000,7700000000,3700000000
"New York Community Bancorp",6700000000,3000000000,3700000000
"Carnival Corporation",22600000000,19000000000,3600000000
Rakuten,14600000000,11000000000,3600000000
"Grupo De Inversiones Suramericana",9700000000,6100000000,3600000000
"Guangzhou Rural Commercial Bank",6100000000,2600000000,3500000000
"Kirin Holdings",15100000000,11700000000,3400000000
"MTN Group",12000000000,8600000000,3400000000
"Cathay Financial",29000000000,25700000000,3300000000
Orpea,5600000000,2300000000,3300000000
Navient,5000000000,1700000000,3300000000
"Tata Steel",28300000000,25100000000,3200000000
Metro,15700000000,12500000000,3200000000
"Latam Airlines",12200000000,9000000000,3200000000
FCC,9800000000,6600000000,3200000000
"Banco Davivienda ",6000000000,2800000000,3200000000
"BÃ¢loise Group",10600000000,7500000000,3100000000
AECOM,15300000000,12200000000,3100000000
TBEA,13200000000,10200000000,3000000000
"The Mosaic Company",12800000000,9800000000,3000000000
"Ramsay Health Care",10600000000,7600000000,3000000000
Kubota,20800000000,17900000000,2900000000
Sanlam,11200000000,8300000000,2900000000
"Huaibei Mining Holdings",9900000000,7000000000,2900000000
"Henry Schein",12500000000,9600000000,2900000000
Ageas,12200000000,9400000000,2800000000
"China Development Financial",10300000000,7500000000,2800000000
"Universal Health Services",14700000000,11900000000,2800000000
"Shin Kong Financial",7100000000,4300000000,2800000000
"Bank of Zhengzhou",3800000000,1000000000,2800000000
"DGB Financial Group",3800000000,1000000000,2800000000
"Signet Jewelers",7200000000,4400000000,2800000000
Cosan,7900000000,5200000000,2700000000
"Mitsubishi Heavy Industries",32200000000,29600000000,2600000000
"Asr Nederland",13700000000,11100000000,2600000000
PVH,9200000000,6600000000,2600000000
AltaGas,9300000000,6700000000,2600000000
"Unum Group",12600000000,10100000000,2500000000
"Dai Nippon Printing",9900000000,7400000000,2500000000
"Deutsche Telekom",121500000000,119100000000,2400000000
"Bank of Beijing",19400000000,17000000000,2400000000
"Grupa PZU",14600000000,12200000000,2400000000
"Zhejiang Zheneng Electric Power",13700000000,11300000000,2400000000
"Samsung Fire & Marine",13900000000,11600000000,2300000000
"BOE Technology Group",25300000000,23000000000,2300000000
Assurant,11400000000,9100000000,2300000000
LKQ,14200000000,11900000000,2300000000
"iA Financial Corporation",8900000000,6600000000,2300000000
Oshkosh,9900000000,7600000000,2300000000
Bancolombia,11300000000,9100000000,2200000000
Viatris,15300000000,13100000000,2200000000
"Casey's General Stores",14600000000,12400000000,2200000000
Dentsu,9200000000,7000000000,2200000000
"Chongqing Rural Bank",7600000000,5500000000,2100000000
Nedbank,8200000000,6100000000,2100000000
"Bank of East Asia",5700000000,3600000000,2100000000
"Far East Horizon",5500000000,3500000000,2000000000
Teleperformance,9000000000,7000000000,2000000000
Dow,43500000000,41600000000,1900000000
"Nippon Yusen",16500000000,14600000000,1900000000
Leonardo,16500000000,14600000000,1900000000
"HAL Trust",13700000000,11800000000,1900000000
"Bank of Chongqing",4300000000,2400000000,1900000000
"Synchrony Financial",19400000000,17600000000,1800000000
"Genuine Parts",23100000000,21300000000,1800000000
"Stanley Black & Decker",15700000000,13900000000,1800000000
"Corebridge Financial",20800000000,19100000000,1700000000
"Bank of Changsha",6500000000,4800000000,1700000000
Bunzl,14700000000,13000000000,1700000000
"Mirae Asset Financial Group",5100000000,3400000000,1700000000
"Commercial Metals",8400000000,6700000000,1700000000
"Cenovus Energy",39500000000,37900000000,1600000000
"Michelin Group",30600000000,29000000000,1600000000
"Union Bank of India",14300000000,12700000000,1600000000
"Bank of Qingdao",3600000000,2000000000,1600000000
"Companhia Energetica de Minas Gerais",7400000000,5800000000,1600000000
Canon,29000000000,27500000000,1500000000
"Formosa Petrochemical",22200000000,20700000000,1500000000
"Huntington Ingalls Industries",11600000000,10100000000,1500000000
"Virgin Money UK",5000000000,3500000000,1500000000
"Crown Holdings",11800000000,10300000000,1500000000
"FIBI Holdings",3000000000,1500000000,1500000000
"Bank of India",8100000000,6700000000,1400000000
"West Japan Railway",11300000000,9900000000,1400000000
"Bank Of Guiyang",4300000000,2900000000,1400000000
"China Huarong Asset Management",5300000000,3900000000,1400000000
"Imperial Brands",22800000000,21500000000,1300000000
"Chongqing Changan Auto",20800000000,19500000000,1300000000
NOV,8800000000,7500000000,1300000000
Nokia,22800000000,21600000000,1200000000
"Live Nation Entertainment",23400000000,22200000000,1200000000
"Equatorial Energia",8200000000,7000000000,1200000000
"Danske Bank",26200000000,25100000000,1100000000
"Saudi Electricity",20700000000,19600000000,1100000000
"Luxshare Precision Industry",32600000000,31500000000,1100000000
"Korea Investment Holdings",4100000000,3000000000,1100000000
"JB Financial Group",3000000000,1900000000,1100000000
"Taylor Morrison Home",7500000000,6400000000,1100000000
"Sumitomo Metal Mining",10000000000,9000000000,1000000000
"Bank of Baroda",17100000000,16200000000,900000000
"BAC Holding International",3800000000,2900000000,900000000
"Samsung SDS",9900000000,9000000000,900000000
"Samvardhana Motherson International",11400000000,10500000000,900000000
"Aareal Bank",3100000000,2200000000,900000000
"Jinshang Bank",1900000000,1000000000,900000000
"Delivery Hero",10700000000,9800000000,900000000
"SBI Holdings",8400000000,7600000000,800000000
"Liberty Global",7600000000,6800000000,800000000
"Bank of Jiujiang",3100000000,2300000000,800000000
"Bank of Guizhou",3500000000,2800000000,700000000
"Bank of Lanzhou",2800000000,2100000000,700000000
"China Power International Development",6200000000,5500000000,700000000
Organon,6300000000,5600000000,700000000
"Graphic Packaging",9200000000,8600000000,600000000
"Inner Mongolia Yitai Coal",6800000000,6200000000,600000000
"Manila Electric",7900000000,7300000000,600000000
Investec,6200000000,5700000000,500000000
"PT Adaro Energy Indonesia",6100000000,5600000000,500000000
"Bank of Queensland",3100000000,2600000000,500000000
"Qingdao Rural Commercial Bank",2700000000,2200000000,500000000
"CPFL Energia",8100000000,7700000000,400000000
Autoliv,10600000000,10200000000,400000000
"Weihai City Commercial Bank",2500000000,2100000000,400000000
"Asahi Group Holdings",19600000000,19300000000,300000000
Kasikornbank,9100000000,8800000000,300000000
"Israel Discount Bank",6500000000,6200000000,300000000
"Alpha Bank",4700000000,4400000000,300000000
"Grupo Elektra",10800000000,10500000000,300000000
"Formosa Chemicals",10600000000,10300000000,300000000
BYD,83200000000,83000000000,200000000
"XCMG Construction Machinery",12900000000,12700000000,200000000
"Halyk Bank",5200000000,5000000000,200000000
"E-L Financial",3000000000,2800000000,200000000
"Diebold Nixdorf",3800000000,3600000000,200000000
Denso,49400000000,49300000000,100000000
"Quanta Computer",34300000000,34200000000,100000000
"Equitable Holdings",13300000000,13200000000,100000000
"Voya Financial",7600000000,7500000000,100000000
Vivendi,11400000000,11300000000,100000000
"China Development Bank Financial Leasing",3700000000,3600000000,100000000
"Brighthouse Financial",2900000000,2800000000,100000000
"Banco de Sabadell",11100000000,11100000000,0
"BPER Banca",8100000000,8100000000,0
"Molson Coors Brewing",12000000000,12000000000,0
"GAIL India",16100000000,16100000000,0
DaVita,12300000000,12300000000,0
"El Puerto de Liverpool",11500000000,11500000000,0
"Banco Comercial Portugues",5800000000,5800000000,0
"Bank of Xi'an",2300000000,2300000000,0
"Samsung Securities",2500000000,2500000000,0
Ingredion,7900000000,7900000000,0
"RWE Group",28000000000,28100000000,-100000000
"China Resources Power",13200000000,13300000000,-100000000
"Bangkok Bank",7200000000,7300000000,-100000000
"Suntory Beverage & Food",11200000000,11300000000,-100000000
"Commercial International Bank",4700000000,4800000000,-100000000
"KBC Group",29800000000,30000000000,-200000000
"Jacobs Solutions",16900000000,17100000000,-200000000
"Smurfit Kappa Group",12200000000,12400000000,-200000000
"Credito Emiliano",3500000000,3700000000,-200000000
"Daishi Hokuetsu Financial Group",1200000000,1400000000,-200000000
"Xiamen Bank",1900000000,2100000000,-200000000
"Bank Of Shanghai",15000000000,15300000000,-300000000
Nutrien,28300000000,28600000000,-300000000
"Qilu Bank",3200000000,3500000000,-300000000
"China Steel",11600000000,11900000000,-300000000
"SKF Group",9600000000,9900000000,-300000000
"Aozora Bank",1500000000,1800000000,-300000000
"Barry Callebaut",9200000000,9500000000,-300000000
"Edp-energias De Portugal",17000000000,17400000000,-400000000
"Swire Pacific",12100000000,12500000000,-400000000
"Inner Mongolia Baotou Steel",9700000000,10100000000,-400000000
"Axis Capital Holdings",5700000000,6100000000,-400000000
Bridgestone,30000000000,30500000000,-500000000
"Mitsui OSK Lines",11300000000,11800000000,-500000000
Prysmian,16300000000,16800000000,-500000000
"Pan Pacific International Holdings",14200000000,14700000000,-500000000
"Akzo Nobel",11500000000,12000000000,-500000000
"Unicaja Banco",3300000000,3800000000,-500000000
"Valley National Bancorp",3500000000,4000000000,-500000000
"Banca MPS",6700000000,7300000000,-600000000
"Vietin Bank",6400000000,7000000000,-600000000
"Jyske Bank",4500000000,5100000000,-600000000
"Hokuhoku Financial Group",1100000000,1700000000,-600000000
"Nishi-nippon Financial Holdings",1200000000,1800000000,-600000000
"Chugin Financial Group,Inc.",1200000000,1800000000,-600000000
"Bank of Cyprus Holdings",1500000000,2100000000,-600000000
"OneMain Holdings",5400000000,6000000000,-600000000
"Bank Of Jiangsu",20600000000,21300000000,-700000000
"Svenska Handelsbanken",17600000000,18300000000,-700000000
"Bank of Suzhou",3300000000,4000000000,-700000000
Femsa,42000000000,42800000000,-800000000
"Krung Thai Bank",5800000000,6600000000,-800000000
"Haier Smart Home",36900000000,37800000000,-900000000
Loews,16300000000,17200000000,-900000000
"Singapore Airlines",14100000000,15000000000,-900000000
"Indian Bank",7800000000,8700000000,-900000000
"Nova Ljubljanska Banka",1600000000,2500000000,-900000000
"Yankuang Energy Group",16800000000,17800000000,-1000000000
"Associated British Foods",24900000000,25900000000,-1000000000
"Meritz Financial Group",10000000000,11000000000,-1000000000
Amcor,13800000000,14800000000,-1000000000
"Origin Energy",10400000000,11400000000,-1000000000
"Hirogin Holdings",1300000000,2300000000,-1000000000
"Arab Bank",2900000000,3900000000,-1000000000
"LIC Housing Finance",3300000000,4300000000,-1000000000
"AVIC Capital",2700000000,3700000000,-1000000000
Mondi,7900000000,8900000000,-1000000000
"Cosco Shipping",24800000000,25900000000,-1100000000
"Interpublic Group",10900000000,12000000000,-1100000000
"Banca Popolare di Sondrio",2900000000,4000000000,-1100000000
"Jiangsu Changshu Rural Commercial Bank",2300000000,3400000000,-1100000000
"Bendigo & Adelaide Bank",3000000000,4100000000,-1100000000
Komatsu,26800000000,28000000000,-1200000000
"Commercial Bank of Qatar ",3400000000,4600000000,-1200000000
"Kyushu Financial Group",1500000000,2700000000,-1200000000
"Yamaguchi Financial",1200000000,2400000000,-1200000000
"Gunma Bank",1400000000,2600000000,-1200000000
"EFG International",2700000000,3900000000,-1200000000
"AmBank Group",1800000000,3000000000,-1200000000
"Daiwa Securities",8900000000,10200000000,-1300000000
"Military Commercial Joint Stock Bank",3500000000,4800000000,-1300000000
"Old Republic International",7500000000,8800000000,-1300000000
"Haitong Securities",5600000000,6900000000,-1300000000
"Ayala Corp",5400000000,6700000000,-1300000000
"Thai Beverage",7900000000,9200000000,-1300000000
"Columbia Bank",3000000000,4300000000,-1300000000
"Iyogin Holdings,Inc.",1300000000,2600000000,-1300000000
"Orient Securities",2600000000,3900000000,-1300000000
"Sumitomo Mitsui Trust",15100000000,16500000000,-1400000000
"Banco BPM",9600000000,11000000000,-1400000000
Fox,13900000000,15300000000,-1400000000
"Chow Tai Fook Jewellery",12500000000,13900000000,-1400000000
Telia,8500000000,9900000000,-1400000000
"NH Investment & Securities",1900000000,3300000000,-1400000000
"Mitsubishi Electric",36400000000,37900000000,-1500000000
"Bank Of Hangzhou",9900000000,11400000000,-1500000000
"Piraeus Financial Holdings",3700000000,5200000000,-1500000000
"BCI-Banco Credito",5200000000,6700000000,-1500000000
"Rithm Capital",4000000000,5500000000,-1500000000
SLM,3100000000,4600000000,-1500000000
"General Insurance Corporation Of India",5700000000,7200000000,-1500000000
"Naturgy Energy Group",24500000000,26100000000,-1600000000
"East Japan Railway",18900000000,20500000000,-1600000000
"Jefferies Financial ",8400000000,10000000000,-1600000000
HMM,6600000000,8200000000,-1600000000
"Zhejiang Expressway Co. Ltd.",2400000000,4000000000,-1600000000
"Asia Commercial Bank",2700000000,4300000000,-1600000000
"Everbright Securities",1900000000,3500000000,-1600000000
"Var Energi ASA",6700000000,8300000000,-1600000000
"Federal Bank",3200000000,4800000000,-1600000000
"Everest Re Group",15400000000,17100000000,-1700000000
"Punjab National Bank",14800000000,16500000000,-1700000000
"Fidelity National Financial",12600000000,14300000000,-1700000000
"ASE Technology Holding",18600000000,20300000000,-1700000000
"Hong Leong Financial",2500000000,4200000000,-1700000000
"Insurance Australia Group",8400000000,10100000000,-1700000000
"Shanxi Xishan Coal & Electricity Power Co. Ltd.",6800000000,8500000000,-1700000000
"UMB Financial",2500000000,4200000000,-1700000000
"NatWest Group",33700000000,35500000000,-1800000000
"OTP Bank",11800000000,13600000000,-1800000000
"Bawag Group",3300000000,5100000000,-1800000000
"Zions Bancorp",4800000000,6600000000,-1800000000
"Hachijuni Bank",1400000000,3200000000,-1800000000
"Cogent Communications",1100000000,2900000000,-1800000000
"Volvo Group",52100000000,54000000000,-1900000000
Fujitsu,26000000000,27900000000,-1900000000
"Coca-Cola HBC",11000000000,12900000000,-1900000000
"Hotai Motor",8900000000,10800000000,-1900000000
"Shenwan Hongyuan Group",3300000000,5200000000,-1900000000
"TMBThanachart Bank",2800000000,4700000000,-1900000000
"St. Galler Kantonalbank",1100000000,3000000000,-1900000000
"Bank Leumi",9900000000,11900000000,-2000000000
"Bank of Ireland",9700000000,11700000000,-2000000000
"Expedia Group",13100000000,15100000000,-2000000000
"China International Capital",5000000000,7000000000,-2000000000
"Mebuki Financial Group",1900000000,3900000000,-2000000000
"Suncorp Group",11800000000,13900000000,-2100000000
Comerica,5200000000,7300000000,-2100000000
"Metropolitan Bank & Trust",3400000000,5500000000,-2100000000
"RHB Bank",3000000000,5100000000,-2100000000
"Skechers USA",8300000000,10400000000,-2100000000
"Central Bank of India",4300000000,6400000000,-2100000000
"Saudi Investment Bank",2300000000,4400000000,-2100000000
"Vietnam Prosperity Joint-sock Commercial Bank",3900000000,6000000000,-2100000000
Aptiv,20100000000,22300000000,-2200000000
"China Longyuan Power",5200000000,7400000000,-2200000000
"Stora Enso",9600000000,11800000000,-2200000000
"Shandong Gold Mining",8400000000,10600000000,-2200000000
"Jackson Financial",3600000000,5900000000,-2300000000
"Vedanta Limited",17400000000,19700000000,-2300000000
"Eurobank Ergasias",6100000000,8400000000,-2300000000
"Dongguan Rural Commercial Bank",3700000000,6000000000,-2300000000
"Banca Transilvania",2900000000,5200000000,-2300000000
"Ooredoo Q.P.S.C",6400000000,8700000000,-2300000000
"Steel Dynamics",18600000000,21000000000,-2400000000
"Bank Of Chengdu",6100000000,8500000000,-2400000000
"Csc Financial",4500000000,6900000000,-2400000000
"Globe Life",5500000000,7900000000,-2400000000
"Fukuoka Financial Group",2800000000,5200000000,-2400000000
Synovus,3500000000,5900000000,-2400000000
"Taiwan Business Bank",2000000000,4400000000,-2400000000
"Luzerner Kantonalbank",1400000000,3800000000,-2400000000
AT&T,122300000000,124800000000,-2500000000
"Bank Hapoalim",9400000000,11900000000,-2500000000
"Mizrahi Tefahot Bank",6800000000,9300000000,-2500000000
"Teva Pharmaceutical",16000000000,18500000000,-2500000000
Bankinter,5000000000,7500000000,-2500000000
"China Galaxy Securities",4200000000,6700000000,-2500000000
Carvana,11200000000,13700000000,-2500000000
"Wintrust Financial",3800000000,6300000000,-2500000000
"Bank of Nanjing",11400000000,14000000000,-2600000000
"RenaissanceRe Holdings",9500000000,12100000000,-2600000000
AES,12500000000,15100000000,-2600000000
"Conagra Brands",12100000000,14700000000,-2600000000
"Reliance Steel",14500000000,17100000000,-2600000000
"Swatch Group",8800000000,11400000000,-2600000000
Solventum,8200000000,10800000000,-2600000000
"Western Alliance Bancorp.",4600000000,7200000000,-2600000000
Popular,4000000000,6600000000,-2600000000
"Burlington Stores",9700000000,12300000000,-2600000000
"Nexi S.p.A.",6400000000,9000000000,-2600000000
Ovintiv,10600000000,13300000000,-2700000000
Eastman,9100000000,11800000000,-2700000000
F.N.B.,2400000000,5100000000,-2700000000
"Bank of Maharashtra",2800000000,5500000000,-2700000000
D'Ieteren,8600000000,11400000000,-2800000000
"Dick's Sporting Goods",13000000000,15900000000,-2900000000
"JDE Peet's",8900000000,11800000000,-2900000000
"Cadence Bank",2500000000,5400000000,-2900000000
"BOK Financial",3300000000,6200000000,-2900000000
"Bank Muscat",2200000000,5100000000,-2900000000
"MBH Bank Plc.",3900000000,6800000000,-2900000000
Euronav,1100000000,4000000000,-2900000000
"Longi Green Energy Technology",16500000000,19500000000,-3000000000
Kyocera,13900000000,16900000000,-3000000000
"Old National Bank",2600000000,5600000000,-3000000000
Tapestry,6700000000,9700000000,-3000000000
"Air Lease ",2500000000,5500000000,-3000000000
"Fubon Financial",27000000000,30100000000,-3100000000
"Toyota Industries",26500000000,29600000000,-3100000000
"Baxter International",14900000000,18000000000,-3100000000
"Commercial Bank Dubai",2200000000,5300000000,-3100000000
"Banque Centrale Populaire",2900000000,6000000000,-3100000000
"Capital One",51000000000,54200000000,-3200000000
TDK,14500000000,17700000000,-3200000000
Textron,13800000000,17000000000,-3200000000
"Bank OZK",2400000000,5600000000,-3200000000
"Stifel Financial",5300000000,8500000000,-3200000000
Banorte,27000000000,30300000000,-3300000000
"Shanghai Rural Commercial Bank",7000000000,10300000000,-3300000000
Essity,15000000000,18300000000,-3300000000
"Builders FirstSource",17100000000,20400000000,-3300000000
APA,8200000000,11500000000,-3300000000
"American Financial Group",7900000000,11200000000,-3300000000
"Shizuoka Financial Group",2300000000,5600000000,-3300000000
NIO,7800000000,11100000000,-3300000000
"Canadian Imperial Bank",42900000000,46300000000,-3400000000
"Toll Brothers",10200000000,13600000000,-3400000000
"Chang Hwa Bank",2800000000,6200000000,-3400000000
"Buzzi Unicem",4700000000,8100000000,-3400000000
"Qatar National Bank",32000000000,35500000000,-3500000000
"GF Securities",4900000000,8500000000,-3600000000
"Pinnacle Financial Partners",2800000000,6400000000,-3600000000
"China Merchants Securities",4300000000,8000000000,-3700000000
Keppel,5200000000,8900000000,-3700000000
"Taishin Financial Holdings",3600000000,7300000000,-3700000000
Eurazeo,2400000000,6100000000,-3700000000
"Enstar Group",1000000000,4700000000,-3700000000
"Gree Electric Appliances",28400000000,32200000000,-3800000000
"Commercial Bank For Investment & Development Of Vietnam",7300000000,11100000000,-3800000000
"SCB X Public Company ",6100000000,9900000000,-3800000000
"Bath & Body Works",7400000000,11200000000,-3800000000
"Wynn Resorts",7000000000,10800000000,-3800000000
"Kawasaki Kisen Kaisha",6700000000,10500000000,-3800000000
"TFI International",7500000000,11300000000,-3800000000
KeyCorp,10600000000,14500000000,-3900000000
"Omnicom Group",14900000000,18800000000,-3900000000
"First Horizon",4900000000,8800000000,-3900000000
"Webster Financial",4100000000,8000000000,-3900000000
"Vietnam Technological & Commercial Joint Stock Bank",3000000000,6900000000,-3900000000
"Shanghai Commercial & Savings Bank",3000000000,6900000000,-3900000000
"South State",2300000000,6200000000,-3900000000
FMC,4100000000,8000000000,-3900000000
"Shanxi Lu'an Environmental",5100000000,9000000000,-3900000000
Inpex,15100000000,19100000000,-4000000000
"Huatai Securities",7500000000,11500000000,-4000000000
"Tenaga Nasional",11600000000,15600000000,-4000000000
"Guotai Junan Securities",6300000000,10300000000,-4000000000
"Rede D'Oro Luiz",9700000000,13700000000,-4000000000
"JM Smucker",8200000000,12200000000,-4000000000
"Chongqing Zhifei Biological Products",7400000000,11500000000,-4100000000
"Chiba Bank",2000000000,6100000000,-4100000000
"Cullen/Frost Bankers",2700000000,6800000000,-4100000000
"Ralph Lauren",6600000000,10700000000,-4100000000
"Annaly Capital Management",6000000000,10200000000,-4200000000
"Concordia Financial Group",2500000000,6700000000,-4200000000
"Pinnacle West",4700000000,8900000000,-4200000000
"Samsung SDI",17000000000,21300000000,-4300000000
"Yum China Holdings",11000000000,15300000000,-4300000000
"LG ",5000000000,9300000000,-4300000000
Knorr-Bremse,8700000000,13000000000,-4300000000
"Yes Bank",4000000000,8300000000,-4300000000
"Citizens Financial Group",12500000000,16900000000,-4400000000
Leidos,15700000000,20100000000,-4400000000
"AGNC Investment",2900000000,7300000000,-4400000000
"Chailease Holding",3200000000,7600000000,-4400000000
"Starwood Property Trust",2200000000,6600000000,-4400000000
"Fibra Uno",1500000000,5900000000,-4400000000
"American International Group",49000000000,53500000000,-4500000000
"Grasim Industries",15300000000,19800000000,-4500000000
"Evergreen Marine Corp. (Taiwan)",9500000000,14000000000,-4500000000
"National Bank of Greece",3900000000,8400000000,-4500000000
"J.B. Hunt Transport Services",12500000000,17000000000,-4500000000
"Campbell Soup",9300000000,13800000000,-4500000000
"China Merchants Port Group",2200000000,6700000000,-4500000000
"Masraf Al Rayan",1600000000,6200000000,-4600000000
"Northern Trust",12800000000,17500000000,-4700000000
"Franklin Resources",8100000000,12800000000,-4700000000
"CNPC Capital",5900000000,10600000000,-4700000000
"EMCOR Group",13100000000,17800000000,-4700000000
"State Street",18700000000,23500000000,-4800000000
"China Merchants Port Holdings",1500000000,6300000000,-4800000000
"Nitto Denko",6300000000,11100000000,-4800000000
XPO,7900000000,12800000000,-4900000000
Markel,16600000000,21600000000,-5000000000
"Interactive Brokers Group",8300000000,13300000000,-5000000000
Cummins,34000000000,39100000000,-5100000000
"Principal Financial Group",14900000000,20000000000,-5100000000
"Mashreq Bank",5200000000,10300000000,-5100000000
"News Corp",9900000000,15000000000,-5100000000
Sabesp,5400000000,10500000000,-5100000000
"H&M - Hennes & Mauritz",22100000000,27300000000,-5200000000
"Suzano ",7700000000,12900000000,-5200000000
"Bank Pekao",5500000000,10800000000,-5300000000
"Arca Continental",12000000000,17300000000,-5300000000
"Sandoz Group",9900000000,15200000000,-5300000000
"SinoPac Financial",3500000000,8900000000,-5400000000
"Hartford Financial Services",25000000000,30500000000,-5500000000
"JSW Steel",21100000000,26600000000,-5500000000
"Dubai Islamic Bank",5400000000,10900000000,-5500000000
"Shenzhen Transsion Holding",9800000000,15300000000,-5500000000
Labcorp,12300000000,17800000000,-5500000000
Secom,8000000000,13500000000,-5500000000
Emera,5000000000,10500000000,-5500000000
"Bank of Nova Scotia",53600000000,59200000000,-5600000000
Orix,19500000000,25200000000,-5700000000
"Banca Mediolanum",3100000000,8800000000,-5700000000
"Owens Corning",9600000000,15300000000,-5700000000
"CSPC Pharmaceutical Group",4400000000,10100000000,-5700000000
"Julius Baer Group",6500000000,12300000000,-5800000000
"Fujifilm Holdings",20500000000,26400000000,-5900000000
"Lamb Weston Holdings",6600000000,12500000000,-5900000000
"Bandai Namco Holdings",7300000000,13200000000,-5900000000
"Nan Ya Plastics",8000000000,13900000000,-5900000000
"First Quantum Minerals",5900000000,11800000000,-5900000000
"Schibsted ASA",1500000000,7400000000,-5900000000
Tenaris,14200000000,20200000000,-6000000000
Credicorp,7000000000,13000000000,-6000000000
"Rogers Communications",15100000000,21200000000,-6100000000
"Attijariwafa Bank",4200000000,10300000000,-6100000000
SQM,7400000000,13500000000,-6100000000
"Astellas Pharma",11100000000,17200000000,-6100000000
"Trelleborg Group",3200000000,9300000000,-6100000000
"Hua Nan Financial",4800000000,11000000000,-6200000000
"Kerry Group",8700000000,14900000000,-6200000000
"CEZ Group",15300000000,21600000000,-6300000000
"Daqin Railway",11000000000,17300000000,-6300000000
"Shriram Transport Finance Co.",4400000000,10700000000,-6300000000
KakaoBank,2000000000,8300000000,-6300000000
"Jindal Steel & Power",6000000000,12400000000,-6400000000
Tryg,6000000000,12400000000,-6400000000
Celanese,10700000000,17200000000,-6500000000
"IndusInd Bank",6700000000,13200000000,-6500000000
"BDO Unibank",6100000000,12700000000,-6600000000
Kellanova,14400000000,21000000000,-6600000000
"China Merchants Energy Shipping",3700000000,10300000000,-6600000000
"Swiss Life Holding",13200000000,19900000000,-6700000000
"Bank Negara Indonesia",5400000000,12100000000,-6700000000
"East West Bancorp",4100000000,10800000000,-6700000000
"Quest Diagnostics",9300000000,16000000000,-6700000000
"Wens Foodstuff Group",12800000000,19500000000,-6700000000
"Abu Dhabi Commercial Bank",9900000000,16700000000,-6800000000
"Kuehne & Nagel International",25500000000,32300000000,-6800000000
Philips,19600000000,26400000000,-6800000000
"Rentokil Initial",6700000000,13500000000,-6800000000
"Sun Life Financial",23300000000,30200000000,-6900000000
Brambles,6400000000,13300000000,-6900000000
"Li Auto",17400000000,24400000000,-7000000000
Albemarle,8400000000,15400000000,-7000000000
"Banque Cantonale Vaudoise",1800000000,8900000000,-7100000000
Nucor,34100000000,41300000000,-7200000000
"Baker Hughes Company",26200000000,33400000000,-7200000000
"CGN Power",11500000000,18700000000,-7200000000
"First Financial Holding",4700000000,11900000000,-7200000000
"Darden Restaurants",11200000000,18400000000,-7200000000
"IDBI Bank",3700000000,10900000000,-7200000000
Evergy,5500000000,12700000000,-7200000000
"Nitori Holdings",6200000000,13400000000,-7200000000
"IHH Healthcare",4600000000,11800000000,-7200000000
NMDC,2500000000,9700000000,-7200000000
"Arab National Bank",4200000000,11500000000,-7300000000
"Nippon Paint",10300000000,17600000000,-7300000000
"Chesapeake Energy",4700000000,12000000000,-7300000000
"RPM International",7300000000,14600000000,-7300000000
Fortum,7000000000,14300000000,-7300000000
"Bureau Veritas",6300000000,13600000000,-7300000000
Travelers,42900000000,50300000000,-7400000000
"Power Finance",11100000000,18500000000,-7400000000
"Inner Mongolia Yili ",17400000000,24800000000,-7400000000
"AIB Group",6100000000,13500000000,-7400000000
"ARC Resources",3900000000,11300000000,-7400000000
"Yunnan Baiyao Group",5500000000,12900000000,-7400000000
"CIMB Group Holdings",8000000000,15500000000,-7500000000
"Banque Saudi Fransi",4300000000,11800000000,-7500000000
Ipsen,3400000000,10900000000,-7500000000
"Brookfield Renewable",4000000000,11600000000,-7600000000
Masco,7900000000,15500000000,-7600000000
"Host Hotels & Resorts",5400000000,13000000000,-7600000000
"Redeia Corporacion",2200000000,9800000000,-7600000000
"Indus Towers",3500000000,11100000000,-7600000000
Next,6800000000,14500000000,-7700000000
"Aeroports de Paris",5900000000,13600000000,-7700000000
TopBuild,5200000000,12900000000,-7700000000
"Bank of Ningbo",15800000000,23600000000,-7800000000
"W. R. Berkley",12500000000,20300000000,-7800000000
"Hormel Foods",12100000000,19900000000,-7800000000
"Expeditors International",8900000000,16700000000,-7800000000
"CF Industries Holdings",6100000000,13900000000,-7800000000
"U-Haul Holding",5700000000,13500000000,-7800000000
"CapitaLand Investment",2200000000,10000000000,-7800000000
"Abu Dhabi Islamic Bank",3900000000,11800000000,-7900000000
"Taiwan Cooperative Financial",4200000000,12100000000,-7900000000
NiSource,5200000000,13100000000,-7900000000
"Hyatt Hotels",7200000000,15100000000,-7900000000
"Novatek Microelectronics Corp.",3500000000,11400000000,-7900000000
"Ulta Beauty",11200000000,19200000000,-8000000000
Towngas,7300000000,15300000000,-8000000000
"Tokyo Kiraboshi Financial Group",840000000000,848000000000,-8000000000
"Cincinnati Financial",10700000000,18800000000,-8100000000
"Yuanta Financial Holding",4800000000,12900000000,-8100000000
"Westlake Chemical",12200000000,20300000000,-8100000000
"Wharf (Holdings)",2400000000,10500000000,-8100000000
"Otsuka Holding",14500000000,22700000000,-8200000000
Carlsberg,10700000000,18900000000,-8200000000
WSP,10800000000,19000000000,-8200000000
"Dr. Reddy's Laboratories",3400000000,11600000000,-8200000000
"Bank of New York Mellon",36200000000,44500000000,-8300000000
"SM Investments",10300000000,18600000000,-8300000000
"Emirates NBD",20200000000,28600000000,-8400000000
"China Tower Corp.",13300000000,21700000000,-8400000000
"Marathon Oil",6400000000,14800000000,-8400000000
"Haidilao International Holding",5800000000,14200000000,-8400000000
"PKO Bank Polski",9700000000,18200000000,-8500000000
"Ryanair Holdings",14200000000,22700000000,-8500000000
Mediobanca,5400000000,13900000000,-8500000000
"SDIC Power Holdings",7900000000,16400000000,-8500000000
Ball,13300000000,21800000000,-8500000000
FinecoBank,1900000000,10400000000,-8500000000
PulteGroup,16400000000,25000000000,-8600000000
"Packaging Corp of America",7800000000,16400000000,-8600000000
Pandora,4200000000,12800000000,-8600000000
"Founder Securities",1300000000,9900000000,-8600000000
"Compass Group",40100000000,48800000000,-8700000000
Euronext,1600000000,10300000000,-8700000000
"Unibail-Rodamco-Westfield ",3300000000,12000000000,-8700000000
"CapitaMall Trust",1200000000,9900000000,-8700000000
"A.O. Smith",3900000000,12600000000,-8700000000
FirstRand,12400000000,21200000000,-8800000000
"Telkom Indonesia",9800000000,18600000000,-8800000000
XP,3000000000,11900000000,-8900000000
"Wharf Real Estate Investment",1700000000,10600000000,-8900000000
"Resona Holdings",6200000000,15200000000,-9000000000
CDW,21100000000,30100000000,-9000000000
"Sumitomo Realty",6700000000,15700000000,-9000000000
"Guosen Securities",2900000000,11900000000,-9000000000
Telenor,7600000000,16600000000,-9000000000
"Kingspan Group PLC",8700000000,17700000000,-9000000000
Incyte,3800000000,12800000000,-9000000000
"Essential Utilities",1900000000,10900000000,-9000000000
Swedbank,13900000000,23000000000,-9100000000
"Grupo Carso",11300000000,20400000000,-9100000000
"Bank Albilad",2600000000,11700000000,-9100000000
KPN,5900000000,15000000000,-9100000000
Kakao,5900000000,15000000000,-9100000000
UPM-Kymmene,11200000000,20400000000,-9200000000
"China Merchants Expressway Network & Technology Holdings",1500000000,10700000000,-9200000000
"Regions Financial",9200000000,18500000000,-9300000000
"Alliant Energy",4000000000,13300000000,-9300000000
"Tata Power Company",7400000000,16700000000,-9300000000
Almarai,5300000000,14600000000,-9300000000
"Qatar Islamic Bank",2000000000,11400000000,-9400000000
"China Shipbuilding Industry",6900000000,16300000000,-9400000000
SGS,7400000000,16800000000,-9400000000
"Scentre Group",1700000000,11100000000,-9400000000
"Zurich Insurance Group",65400000000,74900000000,-9500000000
"Huntington Bank",11100000000,20600000000,-9500000000
"Standard Bank Group",7800000000,17300000000,-9500000000
"LPL Financial Holdings",10500000000,20000000000,-9500000000
"Booz Allen Hamilton Holding",10300000000,19800000000,-9500000000
Shionogi,3000000000,12500000000,-9500000000
TELUS,14800000000,24400000000,-9600000000
"Wuxi Apptec",5500000000,15100000000,-9600000000
Snap-on,5100000000,14700000000,-9600000000
Clorox,7200000000,16800000000,-9600000000
Barclays,31500000000,41200000000,-9700000000
"Mitsui Fudosan",16500000000,26200000000,-9700000000
"Avery Dennison",8500000000,18200000000,-9700000000
"United Therapeutics",2500000000,12200000000,-9700000000
"Logitech International",4300000000,14000000000,-9700000000
"Discover Financial Services",21600000000,31400000000,-9800000000
"Intact Financial",20300000000,30100000000,-9800000000
DSV,21600000000,31400000000,-9800000000
"Sany Heavy Industry",10200000000,20000000000,-9800000000
Ajinomoto,10000000000,19800000000,-9800000000
Pentair,4100000000,13900000000,-9800000000
"CK Asset Holdings",6200000000,16100000000,-9900000000
"China Resources Beer (Holdings)",5500000000,15400000000,-9900000000
"nVent Electric",3400000000,13300000000,-9900000000
"CTBC Financial Holding",13200000000,23200000000,-10000000000
"Gold Fields",4500000000,14500000000,-10000000000
"Central Japan Railway",11800000000,21900000000,-10100000000
FirstEnergy,12900000000,23000000000,-10100000000
"Eversource Energy",11400000000,21500000000,-10100000000
"E.Sun Financial",4000000000,14100000000,-10100000000
"Kao ",10700000000,20800000000,-10100000000
"Royalty Pharma",2200000000,12300000000,-10100000000
Avantor,6900000000,17000000000,-10100000000
"Puig Brands",4700000000,14800000000,-10100000000
"Targa Resources",15900000000,26100000000,-10200000000
"SS&C Technologies",5600000000,15800000000,-10200000000
"Link REIT",1700000000,11900000000,-10200000000
"Warner Music Group",6400000000,16600000000,-10200000000
"Emaar Properties",7800000000,18200000000,-10400000000
"CLP Holdings",11100000000,21500000000,-10400000000
Santos,6000000000,16400000000,-10400000000
B3,1800000000,12200000000,-10400000000
Halliburton,23100000000,33600000000,-10500000000
"Anglo American",30700000000,41200000000,-10500000000
"Grupo Inbursa",7500000000,18000000000,-10500000000
"Skyworks Solutions",4500000000,15000000000,-10500000000
"National Bank of Canada",18200000000,28800000000,-10600000000
"Qinghai Salt Lake Industry",2600000000,13200000000,-10600000000
"Seres Group",7800000000,18400000000,-10600000000
"Akamai Technologies",3900000000,14500000000,-10600000000
"Informa plc",4000000000,14600000000,-10600000000
"CenterPoint Energy",8500000000,19200000000,-10700000000
"Cholamandalam Investment and Finance",2300000000,13000000000,-10700000000
"Porsche Automobil Holding",5700000000,16500000000,-10800000000
"Nomura Research Institute",5100000000,15900000000,-10800000000
"H World Group",3200000000,14000000000,-10800000000
"DNB Bank",18500000000,29400000000,-10900000000
Nidec,16200000000,27100000000,-10900000000
"Semiconductor Manufacturing International",6300000000,17200000000,-10900000000
"Sungrow Power Supply  ",10000000000,20900000000,-10900000000
"China CSSC Holdings",11300000000,22200000000,-10900000000
"China Tourism Group Duty Free ",8900000000,19800000000,-10900000000
Lennar,35100000000,46100000000,-11000000000
"First Citizens Bank (NC)",14700000000,25700000000,-11000000000
"Shaanxi Coal Industry",21700000000,32700000000,-11000000000
SSE,14300000000,25300000000,-11000000000
Lundbergs,2200000000,13200000000,-11000000000
"Gaming And Leisure Properties",1500000000,12500000000,-11000000000
"Japan Exchange Group",1100000000,12200000000,-11100000000
"Fuyao Glass Industry Group",4700000000,15800000000,-11100000000
"Kimco Realty",1900000000,13000000000,-11100000000
EletrobrÃ¡s,7400000000,18600000000,-11200000000
"Lloyds Banking Group",33100000000,44400000000,-11300000000
"GE Vernova",33200000000,44600000000,-11400000000
"Techtronic Industries",13700000000,25100000000,-11400000000
"CMS Energy",7400000000,18900000000,-11500000000
"InterContinental Hotels",4600000000,16100000000,-11500000000
"W. P. Carey",1700000000,13200000000,-11500000000
"SEB AB",17600000000,29200000000,-11600000000
"Western Digital",11900000000,23500000000,-11600000000
"Advanced Info Service",5500000000,17100000000,-11600000000
CAPITEC,2900000000,14500000000,-11600000000
"Fortis (Canada)",8400000000,20100000000,-11700000000
"Vestas Wind Systems",16500000000,28200000000,-11700000000
"Healthpeak Properties",2300000000,14000000000,-11700000000
"AerCap Holdings",7400000000,19200000000,-11800000000
"Hydro One",5900000000,17700000000,-11800000000
Sony,90000000000,101900000000,-11900000000
Danone,29900000000,41800000000,-11900000000
"Mitsubishi Estate",10400000000,22300000000,-11900000000
Snam,4600000000,16500000000,-11900000000
Olympus,6500000000,18400000000,-11900000000
Watsco,7300000000,19200000000,-11900000000
"Gen Digital",3800000000,15700000000,-11900000000
"Sun Communities",3300000000,15200000000,-11900000000
"Focus Media Information Technology",1600000000,13600000000,-12000000000
Entergy,12000000000,24100000000,-12100000000
"DTE Energy",12000000000,24100000000,-12100000000
Sampo,10000000000,22100000000,-12100000000
Williams-Sonoma,7800000000,19900000000,-12100000000
"Shenzhou International Group Holdings",3500000000,15600000000,-12100000000
"Takeda Pharmaceutical",29500000000,41700000000,-12200000000
"Raymond James Financial",14000000000,26200000000,-12200000000
"Public Bank",5100000000,17400000000,-12300000000
"InterGlobe Aviation",7900000000,20200000000,-12300000000
"Dassault Aviation",5200000000,17600000000,-12400000000
"Carlyle Group",3100000000,15500000000,-12400000000
"Midea Group",53200000000,65700000000,-12500000000
"Lennox International",5000000000,17500000000,-12500000000
"M&T Bank",13100000000,25700000000,-12600000000
Ameren,7300000000,19900000000,-12600000000
Unicharm,6600000000,19200000000,-12600000000
"Alfa Laval",6100000000,18700000000,-12600000000
"Shanghai International Port",5300000000,18000000000,-12700000000
"D.R. Horton",37100000000,49900000000,-12800000000
"Citic Securities",13400000000,26200000000,-12800000000
"Publicis Groupe",16000000000,28800000000,-12800000000
Nordson,2700000000,15500000000,-12800000000
"Henderson Land",3500000000,16400000000,-12900000000
"Edison International",16400000000,29400000000,-13000000000
"Ningxia Baofeng Energy Group",4200000000,17200000000,-13000000000
BCE,18300000000,31400000000,-13100000000
"Mega Financial Holding",5200000000,18300000000,-13100000000
"Fifth Third Bank",13200000000,26400000000,-13200000000
McCormick,6700000000,19900000000,-13200000000
Ferguson,29400000000,42700000000,-13300000000
Telstra,15100000000,28400000000,-13300000000
"PPG ",18200000000,31500000000,-13300000000
"Delta Electronics",12700000000,26000000000,-13300000000
"Goneo GroupClass A",2200000000,15500000000,-13300000000
Naver,7500000000,20900000000,-13400000000
CGI,10700000000,24100000000,-13400000000
"United Microelectronics",7100000000,20500000000,-13400000000
"Domino's Pizza",4500000000,17900000000,-13400000000
"Tourmaline Oil",3900000000,17400000000,-13500000000
Hologic,4000000000,17500000000,-13500000000
Vale,41800000000,55400000000,-13600000000
PPL,8200000000,21800000000,-13600000000
IDEX,3200000000,16800000000,-13600000000
"Aier Eye Hospital Group",2900000000,16500000000,-13600000000
"China National Nuclear Power",10300000000,24000000000,-13700000000
Terna,3400000000,17100000000,-13700000000
Industrivarden,1000000000,14700000000,-13700000000
EQT,4500000000,18200000000,-13700000000
"Teledyne Technologies",5600000000,19300000000,-13700000000
"Seagate Technology",6300000000,20000000000,-13700000000
"Tokio Marine Holdings",48000000000,61800000000,-13800000000
"Atmos Energy",4100000000,17900000000,-13800000000
"ZTO Express (Cayman)",5500000000,19300000000,-13800000000
"Mid-america Apartment Communities",2200000000,16100000000,-13900000000
CaixaBank,25200000000,39200000000,-14000000000
"Pembina Pipeline",6200000000,20300000000,-14100000000
"International Flavors & Fragrances",11400000000,25500000000,-14100000000
"Wanhua Chemical Group",24900000000,39100000000,-14200000000
"Riyad Bank",7100000000,21300000000,-14200000000
Capgemini,24300000000,38600000000,-14300000000
Borouge,5700000000,20000000000,-14300000000
Maybank,11100000000,25500000000,-14400000000
"Coca-Cola Europacific Partners",19800000000,34200000000,-14400000000
"KE Holdings",11000000000,25400000000,-14400000000
NVR,9500000000,24000000000,-14500000000
"AmÃ©rica MÃ³vil",46800000000,61400000000,-14600000000
"China Three Gorges Renewables (Group)",3800000000,18400000000,-14600000000
"Check Point Software",2400000000,17100000000,-14700000000
Prada,5100000000,19800000000,-14700000000
GoDaddy,4300000000,19100000000,-14800000000
"Suncor Energy",36700000000,51600000000,-14900000000
Cognizant,19300000000,34200000000,-14900000000
"Carlisle Cos",5000000000,19900000000,-14900000000
"FactSet Research Systems",2200000000,17100000000,-14900000000
"Nordea Bank",28500000000,43500000000,-15000000000
Henkel,23300000000,38300000000,-15000000000
"Joint Stock Commercial Bank for Foreign Trade of Vietnam",5200000000,20200000000,-15000000000
"Sonova Holding",4100000000,19100000000,-15000000000
Sandvik,11700000000,26800000000,-15100000000
Weyerhaeuser,7600000000,22700000000,-15100000000
"Erie Indemnity",3400000000,18500000000,-15100000000
"Bank of Montreal",53900000000,69100000000,-15200000000
"Restaurant Brands International",7200000000,22400000000,-15200000000
Ventas,4600000000,19800000000,-15200000000
"Latour Ab Investment",2400000000,17600000000,-15200000000
"Aristocrat Leisure",4300000000,19600000000,-15300000000
Coupang,25700000000,41100000000,-15400000000
"Zoom Video Communications",4500000000,19900000000,-15400000000
"Essex Property Trust",1700000000,17100000000,-15400000000
"Schindler Holding",12800000000,28300000000,-15500000000
VeriSign,1500000000,17000000000,-15500000000
"ANZ Group Holdings",40900000000,56500000000,-15600000000
"Robinhood Markets",2100000000,17700000000,-15600000000
"CBOE Global Markets",3700000000,19300000000,-15600000000
Hubbell,5500000000,21100000000,-15600000000
"Moncler SpA",3200000000,18800000000,-15600000000
PG&E,24100000000,39800000000,-15700000000
"Coterra Energy ",5300000000,21000000000,-15700000000
"State Bank of India",71800000000,87600000000,-15800000000
"First Abu Dhabi Bank",20800000000,36600000000,-15800000000
Corpay,3800000000,19600000000,-15800000000
"National Bank of Kuwait ",7800000000,23700000000,-15900000000
eBay,10100000000,26000000000,-15900000000
MTR,7300000000,23200000000,-15900000000
UBS,81300000000,97400000000,-16100000000
"Tractor Supply",14700000000,30800000000,-16100000000
"Saudi British Bank",6000000000,22200000000,-16200000000
Rheinmetall,8000000000,24200000000,-16200000000
"Devon Energy",15100000000,31400000000,-16300000000
Swisscom,12400000000,28700000000,-16300000000
Exelon,22200000000,38600000000,-16400000000
"Alinma Bank",4700000000,21100000000,-16400000000
"Kuaishou Technology",16000000000,32400000000,-16400000000
"Jiangsu Yanghe Brewery",4000000000,20400000000,-16400000000
Kone,11900000000,28400000000,-16500000000
"Align Technology",3900000000,20400000000,-16500000000
"Teck Resources",11300000000,27900000000,-16600000000
NetApp,6200000000,22800000000,-16600000000
WTW,9600000000,26300000000,-16700000000
Dover,8500000000,25300000000,-16800000000
Genmab,2600000000,19400000000,-16800000000
"Daikin Industries",30400000000,47300000000,-16900000000
"Industries Qatar",3100000000,20000000000,-16900000000
"Anhui Gujing Distillery",2600000000,19500000000,-16900000000
"Xcel Energy",13800000000,30800000000,-17000000000
DraftKings,4100000000,21100000000,-17000000000
"Kraft Heinz Company",26600000000,43700000000,-17100000000
"Quanta Services",21500000000,38700000000,-17200000000
"Zimmer Biomet",7500000000,24700000000,-17200000000
Geberit,3400000000,20600000000,-17200000000
"Bajaj Finserv ",13000000000,30300000000,-17300000000
Verbund,10000000000,27300000000,-17300000000
Orsted,8400000000,25700000000,-17300000000
"EMS-Chemie Holding",2400000000,19700000000,-17300000000
"United Overseas Bank",20200000000,37600000000,-17400000000
"First Solar",3600000000,21100000000,-17500000000
Prudential,10900000000,28500000000,-17600000000
"Coal India",17200000000,34800000000,-17600000000
Thales,19900000000,37500000000,-17600000000
"Broadridge Financial",6400000000,24000000000,-17600000000
Steris,5400000000,23000000000,-17600000000
"ICON (Ireland)",8200000000,26000000000,-17800000000
"HCA Healthcare",66700000000,84600000000,-17900000000
"GE HealthCare Technologies",19500000000,37400000000,-17900000000
Corning,12400000000,30300000000,-17900000000
"Shenzhen Inovance Technology",4500000000,22500000000,-18000000000
Teradyne,2600000000,20600000000,-18000000000
"Global Payments",9800000000,27900000000,-18100000000
"Vistra Energy",14600000000,32700000000,-18100000000
Wipro,10800000000,28900000000,-18100000000
"NARI Technology Development",7400000000,25500000000,-18100000000
"NAURA Technology GroupLtd",3300000000,21400000000,-18100000000
"Dell Technologies",88500000000,106700000000,-18200000000
KDDI,39800000000,58000000000,-18200000000
Waters,2900000000,21100000000,-18200000000
Roblox,2900000000,21100000000,-18200000000
"WEC Energy Group",8700000000,27000000000,-18300000000
"Zhangzhou Pientzehuang Pharmaceutical",1500000000,19800000000,-18300000000
"Iron Mountain",5600000000,24000000000,-18400000000
Holcim,30100000000,48600000000,-18500000000
"Assa Abloy",13500000000,32100000000,-18600000000
"Straumann Holding",2700000000,21300000000,-18600000000
"Kaspi.kz JSC",4500000000,23200000000,-18700000000
Brown-Forman,4200000000,22900000000,-18700000000
"Alexandria Real Estate Equities",3000000000,21700000000,-18700000000
"Deckers Outdoor",4100000000,22800000000,-18700000000
"SBA Communications",2700000000,21400000000,-18700000000
Hitachi,67300000000,86100000000,-18800000000
"Muyuan Foodstuff",15700000000,34600000000,-18900000000
Epiroc,5700000000,24600000000,-18900000000
"Consolidated Edison",14500000000,33600000000,-19100000000
SingTel,10600000000,29700000000,-19100000000
"Invitation Homes",2600000000,21700000000,-19100000000
Rollins,3200000000,22300000000,-19100000000
ItaÃºsa,1500000000,20700000000,-19200000000
Veralto,5000000000,24300000000,-19300000000
"T Rowe Price",6700000000,26100000000,-19400000000
"Cheniere Energy",17200000000,36700000000,-19500000000
DSM-Firmenich,11500000000,31000000000,-19500000000
"Galaxy Entertainment",2900000000,22400000000,-19500000000
"Sumitomo Mitsui Financial",61300000000,80900000000,-19600000000
Terumo,6400000000,26000000000,-19600000000
"Bharat Electronics Limited",2200000000,21800000000,-19600000000
"Johnson Controls International",26800000000,46500000000,-19700000000
"Westinghouse Air Brake Technologies",10000000000,29700000000,-19700000000
Legrand,9000000000,28700000000,-19700000000
"Barrick Gold",11500000000,31400000000,-19900000000
"Take-Two Interactive Software",5300000000,25200000000,-19900000000
PTC,2200000000,22100000000,-19900000000
"General Mills",20200000000,40200000000,-20000000000
UCB,5700000000,25700000000,-20000000000
"Abb India",1300000000,21300000000,-20000000000
"Church & Dwight",5900000000,26000000000,-20100000000
"Axon Enterprise",1700000000,21800000000,-20100000000
Paccar,35400000000,55600000000,-20200000000
"Truist Financial",33200000000,53500000000,-20300000000
"Celsius Holdings",1400000000,21700000000,-20300000000
Ferrovial,9200000000,29700000000,-20500000000
"Sun Hung Kai Properties",9200000000,29800000000,-20600000000
STMicroelectronics,16500000000,37200000000,-20700000000
"Mahindra & Mahindra",16800000000,37500000000,-20700000000
arGEN-X,1200000000,22000000000,-20800000000
"Woodside Energy Group",14000000000,34900000000,-20900000000
Vonovia,5300000000,26300000000,-21000000000
"Renesas Electronics",10100000000,31200000000,-21100000000
Adidas,23400000000,44500000000,-21100000000
EXOR,2800000000,23900000000,-21100000000
Fortive,6100000000,27200000000,-21100000000
Dollarama,4300000000,25400000000,-21100000000
"Mobileye Global",1900000000,23000000000,-21100000000
Cameco,1900000000,23000000000,-21100000000
"Ashtead Group",10700000000,31900000000,-21200000000
"Brown & Brown",4400000000,25600000000,-21200000000
"TD Bank Group",80200000000,101500000000,-21300000000
NTPC,21200000000,42500000000,-21300000000
"Evolution Gaming Group AB",2000000000,23300000000,-21300000000
"DuPont De Nemours",12000000000,33400000000,-21400000000
"HSBC Holdings",144900000000,166400000000,-21500000000
"Lindt & Sprungli",5800000000,27300000000,-21500000000
"Varun Beverages",2000000000,23600000000,-21600000000
CRH,34900000000,56600000000,-21700000000
Block,22900000000,44600000000,-21700000000
Snap,4800000000,26500000000,-21700000000
Manulife,26400000000,48200000000,-21800000000
"Royal Caribbean Group",14700000000,36500000000,-21800000000
"American Water Works",4300000000,26100000000,-21800000000
"Rockwell Automation",9000000000,30800000000,-21800000000
Baidu,18800000000,40700000000,-21900000000
"L3Harris Technologies",20200000000,42400000000,-22200000000
"Keysight Technologies",5300000000,27500000000,-22200000000
Corteva,16800000000,39300000000,-22500000000
"Equity Residential",2900000000,25400000000,-22500000000
Fanuc,5500000000,28000000000,-22500000000
"Tradeweb Markets",1400000000,24000000000,-22600000000
"Cellnex Telecom",4300000000,27100000000,-22800000000
"Reckitt Benckiser Group",18200000000,41100000000,-22900000000
Globalfoundries,7100000000,30000000000,-22900000000
"Transurban Group",2800000000,25700000000,-22900000000
Advantest,3400000000,26300000000,-22900000000
"Zijin Mining Group",40200000000,63200000000,-23000000000
Wesfarmers,28900000000,51900000000,-23000000000
"West Pharmaceutical Services",2900000000,25900000000,-23000000000
Etisalat,15000000000,38100000000,-23100000000
"Chunghwa Telecom",7100000000,30300000000,-23200000000
"ON Semiconductor Corp.",8200000000,31500000000,-23300000000
"Indian Railway Finance",3200000000,26500000000,-23300000000
"Anta Sports Products",8800000000,32100000000,-23300000000
"Adani Power Limited",6100000000,29400000000,-23300000000
Antofagasta,6300000000,29600000000,-23300000000
Kering,21200000000,44600000000,-23400000000
"US Bancorp",41200000000,64700000000,-23500000000
"Murata Manufacturing",11300000000,34800000000,-23500000000
AppLovin,3600000000,27100000000,-23500000000
Lasertec,1600000000,25100000000,-23500000000
Franco-Nevada,1200000000,24700000000,-23500000000
"BAE Systems",28700000000,52300000000,-23600000000
Kenvue,15500000000,39200000000,-23700000000
"Arch Capital Group",14100000000,37900000000,-23800000000
"Las Vegas Sands",11200000000,35000000000,-23800000000
Aena,5400000000,29200000000,-23800000000
"Hexagon ",5900000000,29700000000,-23800000000
"Ross Stores",20400000000,44400000000,-24000000000
"Bajaj Auto",5400000000,29400000000,-24000000000
"Rolls-Royce Holdings",20500000000,44700000000,-24200000000
Haleon,14000000000,38200000000,-24200000000
Coloplast,3700000000,27900000000,-24200000000
Cloudflare,1400000000,25600000000,-24200000000
Biogen,9300000000,33600000000,-24300000000
"Ares Management",3900000000,28300000000,-24400000000
"Airports of Thailand",1800000000,26400000000,-24600000000
Kimberly-Clark,20400000000,45200000000,-24800000000
"Otis Worldwide",14300000000,39100000000,-24800000000
"Flutter Entertainment",11800000000,36600000000,-24800000000
"Wheaton Precious Metals",1100000000,25900000000,-24800000000
"Liberty Media Corporation Series A Liberty Formula One",3400000000,28300000000,-24900000000
Zscaler,1900000000,26800000000,-24900000000
Beiersdorf,10200000000,35200000000,-25000000000
"Dr. Sulaiman Al-Habib Medical Services Group",2600000000,27700000000,-25100000000
"Amadeus IT Group ",6100000000,31400000000,-25300000000
Equifax,5400000000,30700000000,-25300000000
MongoDB,1700000000,27000000000,-25300000000
3M,32700000000,58200000000,-25500000000
"AvalonBay Communities",2800000000,28300000000,-25500000000
"Axis Bank",16700000000,42300000000,-25600000000
"Xiaomi  ",38200000000,63800000000,-25600000000
"Foshan Haitian Flavouring and Food",3500000000,29200000000,-25700000000
WEG,6700000000,32500000000,-25800000000
Pinterest,3200000000,29000000000,-25800000000
Ansys,2200000000,28600000000,-26400000000
"Ameriprise Financial",16600000000,43100000000,-26500000000
"Bank Mandiri",11600000000,38100000000,-26500000000
"Diamondback Energy",8700000000,35300000000,-26600000000
"East Money Information  ",1800000000,28400000000,-26600000000
"Vulcan Materials",7700000000,34300000000,-26600000000
Heico,3200000000,29800000000,-26600000000
"Electronic Arts",7500000000,34200000000,-26700000000
"Westpac Banking Group",35300000000,62100000000,-26800000000
Xylem,7900000000,34700000000,-26800000000
"Novonesis A/S",2600000000,29500000000,-26900000000
"Macquarie Group",19600000000,46600000000,-27000000000
IQVIA,15100000000,42100000000,-27000000000
"Howmet Aerospace",6900000000,33900000000,-27000000000
Garmin,5500000000,32800000000,-27300000000
Celltrion,1800000000,29100000000,-27300000000
"Public Service Enterprise Group",9700000000,37100000000,-27400000000
ResMed,4600000000,32100000000,-27500000000
"VICI Properties",3700000000,31700000000,-28000000000
"Asian Paints",4300000000,32300000000,-28000000000
"Agnico Eagle Mines",6900000000,35000000000,-28100000000
"Pernod Ricard",12600000000,40800000000,-28200000000
"National Grid",25400000000,53700000000,-28300000000
SMC,5400000000,33800000000,-28400000000
"Kinder Morgan",15100000000,43700000000,-28600000000
"Mettler-Toledo International",3800000000,32500000000,-28700000000
"Occidental Petroleum",27400000000,56200000000,-28800000000
"TC Energy",11400000000,40400000000,-29000000000
Gartner,6000000000,35000000000,-29000000000
"Kotak Mahindra Bank",11400000000,40500000000,-29100000000
"Martin Marietta Materials",6700000000,35800000000,-29100000000
HubSpot,2300000000,31400000000,-29100000000
"American Electric",19600000000,48800000000,-29200000000
"Adani Enterprises",12700000000,41900000000,-29200000000
"Vertiv Holdings",7000000000,36200000000,-29200000000
"Extra Space Storage",2900000000,32200000000,-29300000000
"Power Grid of India",5600000000,35000000000,-29400000000
"Northrop Grumman",40100000000,69600000000,-29500000000
"Titan (India)",6200000000,35800000000,-29600000000
"Oversea-Chinese Banking",18600000000,48300000000,-29700000000
"WW Grainger",16600000000,46400000000,-29800000000
"Beijing-Shanghai High-Speed Railway",5800000000,35700000000,-29900000000
"Trip.com Group",6300000000,36200000000,-29900000000
NASDAQ,6200000000,36200000000,-30000000000
HCLTech,13300000000,43400000000,-30100000000
"Japan Tobacco",20200000000,50400000000,-30200000000
"Larsen & Toubro",26700000000,56900000000,-30200000000
"Dominion Energy",14400000000,44800000000,-30400000000
Oneok,17800000000,48200000000,-30400000000
"TE Connectivity",15800000000,46200000000,-30400000000
"The Hershey Company",11400000000,41900000000,-30500000000
"Ingersoll Rand",6900000000,37400000000,-30500000000
"Avenue Supermarts",6100000000,36600000000,-30500000000
"Deutsche Boerse",6600000000,37200000000,-30600000000
Fastenal,7400000000,38000000000,-30600000000
Aflac,19300000000,50200000000,-30900000000
"Keurig Dr Pepper",14900000000,45800000000,-30900000000
Hikvision,12600000000,43500000000,-30900000000
"Saudi Telecom",19500000000,50500000000,-31000000000
"United Rentals",14500000000,45700000000,-31200000000
"PNC Financial Services",32400000000,63800000000,-31400000000
"ING Group",24500000000,55900000000,-31400000000
"Adani Ports & Special Economic Zone",3200000000,34600000000,-31400000000
"Kuwait Finance House",9300000000,40800000000,-31500000000
"Bank Rakyat Indonesia (BRI)",14900000000,46500000000,-31600000000
"Veeva Systems",2400000000,34000000000,-31600000000
Ametek,6700000000,38600000000,-31900000000
"ASM International",2800000000,34800000000,-32000000000
Comcast,121900000000,154100000000,-32200000000
Naspers,6100000000,38300000000,-32200000000
"Wolters Kluwer",6000000000,38300000000,-32300000000
"Fidelity National Information (FIS)",11200000000,43600000000,-32400000000
"Intesa Sanpaolo Assicura",42200000000,74800000000,-32600000000
"Lululemon Athletica",9600000000,42200000000,-32600000000
AutoZone,17800000000,50500000000,-32700000000
"NAB - National Australia Bank",38700000000,71500000000,-32800000000
"Yum! Brands",7000000000,39900000000,-32900000000
"The EstÃ©e Lauder Companies",15300000000,48300000000,-33000000000
Iberdrola,50500000000,83600000000,-33100000000
"Verisk Analytics",2700000000,35900000000,-33200000000
"CoStar Group",2500000000,35700000000,-33200000000
"Fair Isaac",1600000000,34900000000,-33300000000
"Partners Group Holding",2400000000,36000000000,-33600000000
"Monolithic Power Systems",1800000000,35500000000,-33700000000
"Adani Green Energy",1100000000,34800000000,-33700000000
Softbank,46700000000,80600000000,-33900000000
"Old Dominion Freight Line",5900000000,39800000000,-33900000000
Alcon,9600000000,43600000000,-34000000000
"Goldman Sachs Group",116700000000,150800000000,-34100000000
"Verizon Communications",134000000000,168600000000,-34600000000
"Lonza Group",7500000000,42100000000,-34600000000
"Luzhou Lao Jiao",3800000000,38500000000,-34700000000
Givaudan,7700000000,42500000000,-34800000000
"Waste Connections",8200000000,43200000000,-35000000000
"Infineon Technologies",16900000000,52200000000,-35300000000
SLB,34100000000,69500000000,-35400000000
"EQT AB",2200000000,37800000000,-35600000000
Experian,7100000000,42800000000,-35700000000
"Carrier Global",23000000000,58800000000,-35800000000
Sempra,13600000000,49500000000,-35900000000
"British American Tobacco",33900000000,69900000000,-36000000000
"Jiangsu Hengrui Medicine",3200000000,39300000000,-36100000000
"Bayan Resources",3300000000,39600000000,-36300000000
"Constellation Brands",10000000000,46700000000,-36700000000
"Fortescue Metals Group",18600000000,55400000000,-36800000000
PayPal,30400000000,67400000000,-37000000000
"DISCO Corp.",2100000000,39100000000,-37000000000
Boeing,76400000000,113500000000,-37100000000
Hess,11600000000,48700000000,-37100000000
Sika,12500000000,49800000000,-37300000000
"Newmont ",13100000000,50400000000,-37300000000
Hoya,5300000000,42700000000,-37400000000
MSCI,2600000000,40000000000,-37400000000
"Crown Castle International",6800000000,44700000000,-37900000000
Datadog,2300000000,40200000000,-37900000000
"United Parcel Service",89600000000,127700000000,-38100000000
"Grupo Mexico",14300000000,52600000000,-38300000000
"Sun Pharma Industries",5700000000,44100000000,-38400000000
"Agilent Technologies",6700000000,45200000000,-38500000000
"General Dynamics",43100000000,82000000000,-38900000000
DoorDash,9100000000,48000000000,-38900000000
UniCredit,26500000000,66400000000,-39900000000
Adyen,2000000000,41900000000,-39900000000
Paychex,5200000000,45200000000,-40000000000
"The Saudi National Bank",16300000000,56400000000,-40100000000
Williams,10200000000,50300000000,-40100000000
"Super Micro Computer",11800000000,52000000000,-40200000000
"Norfolk Southern",12000000000,52300000000,-40300000000
"Shanxi Xinghuacun Fen Wine Factory",4000000000,44500000000,-40500000000
"Hilton Worldwide Holdings",10500000000,51100000000,-40600000000
"Digital Realty Trust",5500000000,46400000000,-40900000000
"IDEXX Laboratories",3700000000,44900000000,-41200000000
"Saudi Arabian Mining",7600000000,49100000000,-41500000000
Fortinet,5400000000,46900000000,-41500000000
"Lockheed Martin",69600000000,111900000000,-42300000000
Autodesk,5400000000,47700000000,-42300000000
"Goodman Group",1300000000,43600000000,-42300000000
MediaTek,15000000000,57500000000,-42500000000
Atlassian,4200000000,46800000000,-42600000000
"Simon Property Group",5800000000,48500000000,-42700000000
"Mitsubishi UFJ Financial",74000000000,117200000000,-43200000000
"China Shenhua Energy",47900000000,91300000000,-43400000000
"Microchip Technology",7600000000,51000000000,-43400000000
"O'Reilly Automotive",16100000000,59600000000,-43500000000
"Realty Income",4400000000,48000000000,-43600000000
"Marriott International",24100000000,67900000000,-43800000000
"Bristol Myers Squibb",45500000000,89300000000,-43800000000
"Oriental Land",4300000000,48200000000,-43900000000
"Republic Services",15200000000,59300000000,-44100000000
"Spotify Technology",15000000000,59100000000,-44100000000
"Trade Desk",2100000000,46400000000,-44300000000
"PT Amman Mineral Internasional",2000000000,46600000000,-44600000000
"Constellation Energy",22000000000,67200000000,-45200000000
"Hong Kong Exchanges",2600000000,47800000000,-45200000000
"Universal Music Group",12000000000,57200000000,-45200000000
Lowe's,86400000000,132200000000,-45800000000
Gallagher,10500000000,56300000000,-45800000000
Moderna,5100000000,50900000000,-45800000000
"Public Storage",4600000000,50700000000,-46100000000
"Air Products & Chemicals",12200000000,58400000000,-46200000000
"Palantir Technologies",2300000000,48500000000,-46200000000
Coinbase,4700000000,51000000000,-46300000000
Enbridge,31500000000,78200000000,-46700000000
"Shenzhen Mindray Bio-Medical Electronics",5000000000,51700000000,-46700000000
"Chandra Asri Petrochemical",2100000000,49300000000,-47200000000
"Nu Holdings",8100000000,55600000000,-47500000000
"Dassault Systemes",6500000000,54000000000,-47500000000
"Edwards Lifesciences",6100000000,53700000000,-47600000000
"Emerson Electric",16500000000,64600000000,-48100000000
Copart,4200000000,52400000000,-48200000000
DexCom,3800000000,52200000000,-48400000000
"Becton Dickinson",19700000000,68300000000,-48600000000
"Constellation Software",8800000000,57600000000,-48800000000
DBS,26200000000,75300000000,-49100000000
"Monster Beverage",7300000000,56400000000,-49100000000
Aon,13700000000,63600000000,-49900000000
Parker-Hannifin,19800000000,70100000000,-50300000000
NetEase,14600000000,65000000000,-50400000000
"Duke Energy",29500000000,80200000000,-50700000000
CSX,14600000000,65500000000,-50900000000
"Motorola Solutions",10200000000,61300000000,-51100000000
"EOG Resources",23500000000,74700000000,-51200000000
Ecolab,15500000000,66700000000,-51200000000
Snowflake,2800000000,54100000000,-51300000000
"Roper Technologies",6400000000,58000000000,-51600000000
Starbucks,36500000000,88200000000,-51700000000
"John Deere",58600000000,110500000000,-51900000000
Nintendo,11600000000,63700000000,-52100000000
"London Stock Exchange",10400000000,62800000000,-52400000000
"Recruit Holdings ",23600000000,76500000000,-52900000000
GSK,38600000000,91900000000,-53300000000
Infosys,18600000000,71900000000,-53300000000
Welltower,6900000000,60600000000,-53700000000
Freeport-McMoRan,23800000000,77900000000,-54100000000
"Apollo Global Management",34700000000,89500000000,-54800000000
"NXP Semiconductors",13300000000,68500000000,-55200000000
"Canadian Natural Resources",26400000000,82600000000,-56200000000
Sherwin-Williams,23000000000,79200000000,-56200000000
"Trane Technologies",18200000000,74400000000,-56200000000
"Merck KGaA, Darmstadt, Germany and its affiliates",22600000000,79100000000,-56500000000
"Marvell Technology",5500000000,62200000000,-56700000000
"China Merchants Bank",70600000000,127400000000,-56800000000
ITC,8500000000,65400000000,-56900000000
"Gilead Sciences",27400000000,84400000000,-57000000000
"Daiichi Sankyo",11100000000,68200000000,-57100000000
Colgate-Palmolive,19800000000,77200000000,-57400000000
Progressive,65000000000,122500000000,-57500000000
"Shin-Etsu Chemical",16700000000,75000000000,-58300000000
Diageo,20400000000,79000000000,-58600000000
"Altria Group",20500000000,79100000000,-58600000000
"Illinois Tool Works",16100000000,74800000000,-58700000000
"Mondelez International",36100000000,95500000000,-59400000000
"TJX Cos",54200000000,113600000000,-59400000000
Chubb,51700000000,111400000000,-59700000000
RBC,90100000000,150400000000,-60300000000
CNOOC,57400000000,118100000000,-60700000000
"Fast Retailing",20200000000,80900000000,-60700000000
Cintas,9400000000,70200000000,-60800000000
"Nongfu Spring",6000000000,66900000000,-60900000000
"Meituan ",39000000000,100000000000,-61000000000
Workday,7200000000,68500000000,-61300000000
"China Mobile",142700000000,204100000000,-61400000000
"Southern Company",25400000000,87000000000,-61600000000
"Banco Btg Pactual",17000000000,78800000000,-61800000000
"Morgan Stanley",99800000000,162900000000,-63100000000
"Waste Management",20700000000,84400000000,-63700000000
Siemens,84400000000,148200000000,-63800000000
ABB,32300000000,96700000000,-64400000000
AIRBUS,72100000000,136700000000,-64600000000
"TransDigm Group",7300000000,72300000000,-65000000000
"Rio Tinto",54000000000,119200000000,-65200000000
"SK Hynix",30400000000,96500000000,-66100000000
"AIA Group",27500000000,93700000000,-66200000000
"Canadian Pacific Kansas City",10200000000,76600000000,-66400000000
Amphenol,12800000000,79200000000,-66400000000
"ICICI Bank",28500000000,95300000000,-66800000000
RTX,71000000000,138500000000,-67500000000
"Canadian National Railway",13500000000,81000000000,-67500000000
Equinix,8300000000,75900000000,-67600000000
"Bank Central Asia",7500000000,75300000000,-67800000000
Shopify,7400000000,75300000000,-67900000000
Safran,25600000000,93800000000,-68200000000
"Contemporary Amperex Technology",54300000000,123300000000,-69000000000
IntercontinentalExchange,10000000000,79400000000,-69400000000
Moody's,6200000000,75600000000,-69400000000
Ferrari,6600000000,76000000000,-69400000000
"Alibaba Group",131300000000,200800000000,-69500000000
Fiserv,19400000000,89400000000,-70000000000
KKR,22700000000,92900000000,-70200000000
"Thomson Reuters",6900000000,77200000000,-70300000000
RELX,11400000000,82000000000,-70600000000
Zoetis,8700000000,79400000000,-70700000000
"CME Group",5600000000,76700000000,-71100000000
"Al Rajhi Bank",14000000000,85500000000,-71500000000
"Investor AB",7400000000,79100000000,-71700000000
Richemont,22400000000,94400000000,-72000000000
MercadoLibre,15800000000,88700000000,-72900000000
"Bharti Airtel",18100000000,91500000000,-73400000000
"Atlas Copco",16600000000,90000000000,-73400000000
"Wuliangye Yibin",10300000000,84000000000,-73700000000
"Cadence Design",4100000000,78600000000,-74500000000
TAQA,14200000000,88800000000,-74600000000
"Sanofi ",46600000000,121500000000,-74900000000
EssilorLuxottica,27500000000,102600000000,-75100000000
"Air Liquide",29800000000,105600000000,-75800000000
CSL,14100000000,90500000000,-76400000000
"China Yangtze Power",10700000000,87300000000,-76600000000
"Chipotle Mexican Grill",10200000000,88300000000,-78100000000
"Anheuser-Busch InBev",59400000000,138100000000,-78700000000
"American Tower",11200000000,90800000000,-79600000000
"Marsh McLennan",23300000000,103500000000,-80200000000
Intel,55200000000,135500000000,-80300000000
Synopsys,6100000000,86500000000,-80400000000
CrowdStrike,3100000000,84100000000,-81000000000
Medtronic,32300000000,114100000000,-81800000000
AirBnB,10200000000,92500000000,-82300000000
"HDFC Bank",49300000000,133600000000,-84300000000
"Automatic Data Processing",18900000000,103300000000,-84400000000
ConocoPhillips,55100000000,142300000000,-87200000000
Nike,51600000000,139100000000,-87500000000
"ACWA Power",1700000000,89700000000,-88000000000
KLA,9600000000,100700000000,-91100000000
"Wells Fargo",120100000000,212900000000,-92800000000
IBM,62100000000,155300000000,-93200000000
"Arista Networks",6100000000,100200000000,-94100000000
"Analog Devices",11600000000,106200000000,-94600000000
"Tokyo Electron",12700000000,107500000000,-94800000000
"Boston Scientific",14700000000,109700000000,-95000000000
"Regeneron Pharmaceuticals",13100000000,108200000000,-95100000000
"Palo Alto Networks",7500000000,102700000000,-95200000000
Prologis,8200000000,104100000000,-95900000000
"Commonwealth Bank",39000000000,135400000000,-96400000000
"BHP Group",55300000000,152100000000,-96800000000
"Honeywell International",36900000000,134100000000,-97200000000
Uber,38600000000,137200000000,-98600000000
"Schneider Electric",38800000000,139100000000,-100300000000
"Walt Disney",88900000000,189400000000,-100500000000
BlackRock,19100000000,120700000000,-101600000000
"UnitedHealth Group",379500000000,482900000000,-103400000000
"Booking Holdings",22000000000,125800000000,-103800000000
"Costco Wholesale",248800000000,352900000000,-104100000000
"Vertex Pharmaceuticals",10200000000,114900000000,-104700000000
Chevron,195000000000,299800000000,-104800000000
"Lam Research",14200000000,119200000000,-105000000000
"American Express",69500000000,174700000000,-105200000000
"GE Aerospace",69500000000,175000000000,-105500000000
Stryker,21000000000,127500000000,-106500000000
Keyence,6700000000,113700000000,-107000000000
Caterpillar,67000000000,174200000000,-107200000000
Inditex,38900000000,146100000000,-107200000000
Pfizer,55100000000,162300000000,-107200000000
Eaton,23700000000,132000000000,-108300000000
"Nanto Bank",571000000000,685000000000,-114000000000
"Charles Schwab",25600000000,140000000000,-114400000000
"Philip Morris International",35700000000,155200000000,-119500000000
"Micron Technology",18300000000,138700000000,-120400000000
"Zhongliang Holdings ",9400000000,131000000000,-121600000000
"Bank of America",183300000000,307300000000,-124000000000
"Reliance Industries",108800000000,233100000000,-124300000000
"Union Pacific",24100000000,149500000000,-125400000000
"S&P Global",12800000000,138300000000,-125500000000
Accenture,64600000000,190900000000,-126300000000
"NextEra Energy",24000000000,156300000000,-132300000000
"Intuitive Surgical",7300000000,141500000000,-134200000000
"Tata Consultancy Services",29100000000,166500000000,-137400000000
Amgen,29400000000,167600000000,-138200000000
"Cisco Systems",55400000000,195100000000,-139700000000
"Abbott Laboratories",40300000000,181100000000,-140800000000
Blackstone,10300000000,151900000000,-141600000000
"Roche Holding",65300000000,208400000000,-143100000000
ServiceNow,9500000000,156800000000,-147300000000
"Applied Materials",26500000000,176200000000,-149700000000
Unilever,64500000000,216800000000,-152300000000
Novartis,48700000000,201400000000,-152700000000
PepsiCo,91900000000,250500000000,-158600000000
"PDD Holdings",34700000000,194200000000,-159500000000
"Keiyo Bank",474000000000,634000000000,-160000000000
"Texas Instruments",16800000000,177600000000,-160800000000
NestlÃ©,103500000000,272100000000,-168600000000
Intuit,15100000000,185100000000,-170000000000
McDonald's,25800000000,196400000000,-170600000000
Danaher,26200000000,196900000000,-170700000000
Linde,32800000000,207900000000,-175100000000
Qualcomm,36400000000,216300000000,-179900000000
"Thermo Fisher Scientific",42500000000,227200000000,-184700000000
"Samsung Electronics",202400000000,388000000000,-185600000000
"The Home Depot",151800000000,341100000000,-189300000000
SAP,34500000000,224700000000,-190200000000
AstraZeneca,47600000000,238400000000,-190800000000
Adobe,19900000000,216600000000,-196700000000
"Toho Bank",399000000000,602000000000,-203000000000
ExxonMobil,331900000000,536700000000,-204800000000
L'OrÃ©al,44500000000,260300000000,-215800000000
"International Holding Company",17300000000,239500000000,-222200000000
Coca-Cola,46100000000,271500000000,-225400000000
Netflix,34900000000,267700000000,-232800000000
AbbVie,54400000000,293900000000,-239500000000
Salesforce,34900000000,277100000000,-242200000000
"Advanced Micro Devices",22800000000,265800000000,-243000000000
"HermÃ¨s International",14500000000,261400000000,-246900000000
"Aichi Financial Group",587000000000,838000000000,-251000000000
"Merck & Co.",61100000000,332300000000,-271200000000
"Kweichow Moutai",18600000000,298200000000,-279600000000
"Johnson & Johnson",89700000000,372200000000,-282500000000
Oracle,52500000000,339400000000,-286900000000
"Jiangsu Zhongnan Construction Group",9200000000,297000000000,-287800000000
"Bank of Greece",7500000000,309000000000,-301500000000
"Procter & Gamble",84100000000,395700000000,-311600000000
"LVMH MoÃ«t Hennessy Louis Vuitton",93100000000,423900000000,-330800000000
"Daou Data",7500000000,340000000000,-332500000000
JPMorganChase,252900000000,588100000000,-335200000000
"ASML Holding",28300000000,365000000000,-336700000000
"Basler Kantonalbank",1600000000,370000000000,-368400000000
"Tencent Holdings",86200000000,472300000000,-386100000000
Mastercard,25700000000,427900000000,-402200000000
"Schweizerische Nationalbank",38700000000,442000000000,-403300000000
"Harbin Bank",4700000000,465000000000,-460300000000
Tesla,94700000000,566000000000,-471300000000
HPB,2500000000,493000000000,-490500000000
"United Bank for Africa",2800000000,501000000000,-498200000000
Visa,34100000000,560500000000,-526400000000
"Berkshire Hathaway",369000000000,899100000000,-530100000000
"Mercuries & Associates",3900000000,549000000000,-545100000000
"Novo Nordisk",35500000000,581100000000,-545600000000
"Top Frontier Investment Holdings",26000000000,586000000000,-560000000000
"Japan Securities",346000000000,907000000000,-561000000000
"Zall Smart Commerce Group",17600000000,598000000000,-580400000000
"Logan Property Holdings",6700000000,588000000000,-581300000000
"Taiwan Semiconductor",71500000000,672000000000,-600500000000
Broadcom,38900000000,646600000000,-607700000000
"Daou Technology",7100000000,620000000000,-612900000000
"Jiangxi Bank",3100000000,618000000000,-614900000000
"Shimao Property Holdings",8500000000,641000000000,-632500000000
"Guangzhou R&F",5000000000,640000000000,-635000000000
"United Natural Foods",30300000000,666000000000,-635700000000
"Bank Of Gansu",2100000000,676000000000,-673900000000
"Zenith Bank",2800000000,690000000000,-687200000000
"Eli Lilly",35900000000,731800000000,-695900000000
"CIFI Holdings Group",10100000000,721000000000,-710900000000
"Zheshang Development Group",28500000000,782000000000,-753500000000
"China Fortune Land Development",4100000000,775000000000,-770900000000
"Hertz Global Holdings",9400000000,786000000000,-776600000000
"Deutsche Pfandbriefbank",3100000000,837000000000,-833900000000
"Freddie Mac",110500000000,962000000000,-851500000000
BayWa,24800000000,932000000000,-907200000000
"Shengjing Bank",5700000000,936000000000,-930300000000
